25.75
34.41
30.25
31.25
20.01
27.85
31.03
32.86
30.24
29.55
29.46
23.38
24.59
34.68
39.44
34.28
20.93
24.26
33.34
20.48
22.03
22.96
25.57
34.86
39.71
35.61
29.22
23.69
33.50
37.62
25.30
24.71
36.73
23.21
34.55
37.04
34.38
20.41
35.14
27.57
27.05
35.83
36.90
29.76
34.70
25.34
21.74
35.10
28.57
32.42
29.93
35.87
25.30
21.38
23.01
21.32
30.61
26.32
36.22
28.13
34.45
24.80
30.13
38.32
23.08
26.31
33.93
23.14
24.57
38.20
32.43
37.61
29.86
25.89
28.11
28.16
34.14
24.19
34.46
35.82
26.10
23.45
37.01
37.37
26.48
26.65
28.41
33.49
38.40
32.15
36.84
36.36
22.20
27.49
30.48
36.60
30.18
38.54
29.93
26.19
23.70
22.80
24.45
25.71
25.21
24.39
29.98
38.68
29.78
38.45
30.18
23.66
34.34
31.68
21.40
30.39
25.08
39.93
30.53
29.34
20.54
23.29
28.71
36.79
26.40
33.25
23.96
25.65
33.36
26.58
32.03
21.50
33.99
32.80
30.32
38.16
38.16
26.53
22.91
20.12
27.11
21.69
34.13
29.83
35.28
22.28
26.56
25.27
25.94
38.12
35.47
38.26
28.55
29.73
37.99
29.77
25.84
35.01
35.70
34.20
20.82
37.28
35.74
33.14
29.46
38.80
21.30
21.54
33.92
22.29
37.15
23.30
20.99
37.94
34.65
24.49
28.91
22.91
31.64
29.27
21.02
39.46
24.67
38.27
33.52
34.54
30.97
38.70
34.51
22.99
35.59
23.42
21.79
23.71
22.56
22.51
25.94
36.55
21.77
35.39
33.53
31.02
27.63
37.89
21.41
27.62
23.05
28.46
32.53
28.45
20.93
26.46
24.02
24.12
33.60
25.79
37.76
28.72
30.58
20.82
20.08
38.97
35.68
21.50
38.92
38.53
37.58
29.17
36.46
39.94
37.21
35.24
23.06
38.04
33.55
34.73
34.08
37.71
34.68
38.00
30.93
26.91
35.97
21.12
31.24
33.34
39.40
21.33
38.68
34.79
30.22
39.60
27.14
21.67
28.00
35.25
28.17
26.11
29.35
30.07
31.92
32.85
25.42
23.17
28.21
23.13
34.38
39.45
35.27
26.17
35.64
35.92
32.98
30.79
34.04
38.78
39.89
39.66
28.54
34.37
27.49
29.44
38.94
28.98
37.76
32.53
26.40
31.25
39.04
26.96
38.63
28.19
38.24
26.29
37.99
20.30
30.95
32.46
24.10
29.88
26.40
23.55
35.87
29.57
35.35
20.48
33.14
29.73
23.53
23.02
33.24
37.08
38.53
39.61
32.89
33.69
34.56
26.10
29.30
22.26
35.14
27.59
39.37
27.17
20.14
34.75
23.79
22.41
37.72
37.39
26.29
38.27
35.74
20.51
36.38
34.43
28.19
39.44
21.43
20.52
39.17
22.43
23.39
21.56
31.84
30.15
31.50
26.09
21.85
23.56
20.38
31.79
37.02
38.87
25.90
22.53
31.53
28.04
25.91
37.22
32.27
28.57
37.89
24.80
35.35
26.99
27.55
31.55
35.02
21.26
27.76
35.95
21.05
39.89
35.06
22.74
22.63
26.25
26.88
38.53
29.22
37.49
23.05
39.37
23.95
38.41
30.90
23.97
22.84
37.45
33.72
27.86
36.89
23.07
33.06
27.95
27.93
38.23
32.68
23.62
21.44
22.85
22.33
22.83
28.15
34.10
28.16
25.78
35.24
31.79
20.80
36.69
23.15
37.38
28.89
36.76
27.06
35.55
24.77
24.71
33.63
33.53
25.96
23.62
28.23
25.79
30.14
31.71
36.23
34.45
32.22
24.83
29.54
25.42
28.42
38.36
22.39
32.23
28.03
27.81
23.23
37.43
23.66
33.62
33.32
36.05
25.09
39.25
26.17
25.56
30.43
26.91
34.16
29.03
29.19
33.35
38.34
29.77
33.09
33.29
31.52
26.32
29.02
27.56
22.66
23.80
33.63
34.66
27.06
38.56
23.27
30.54
27.52
31.27
36.62
39.97
24.75
31.50
21.52
30.23
21.20
38.50
32.58
34.90
29.51
34.12
21.90
28.16
31.69
22.85
29.87
29.21
28.91
36.36
36.11
28.50
28.75
34.90
27.66
35.77
34.43
34.77
32.30
25.86
37.63
25.61
32.89
26.61
28.24
23.36
33.00
38.73
32.73
35.32
36.82
29.83
24.52
31.37
22.60
37.67
26.90
20.24
20.44
25.07
23.61
21.65
37.35
36.92
39.26
25.00
35.33
22.07
38.57
27.43
38.20
30.76
30.62
28.15
31.60
39.40
38.31
29.44
32.59
32.69
35.30
36.05
31.34
34.45
24.35
29.03
27.63
27.68
37.26
28.59
21.69
31.95
24.36
37.27
25.55
22.44
32.60
36.66
34.72
27.36
27.13
21.53
23.80
26.87
33.15
25.55
29.25
35.91
30.23
21.21
34.10
37.84
33.28
38.43
28.07
23.31
36.15
35.05
20.03
31.15
33.93
33.02
22.30
26.15
38.70
36.47
21.55
36.82
25.75
26.51
34.29
36.54
22.16
23.13
24.22
26.99
27.71
34.01
24.39
26.32
31.46
24.28
23.94
39.29
31.82
37.69
32.24
26.25
37.43
33.56
34.89
28.56
38.71
36.90
24.63
26.22
20.72
23.77
28.74
20.33
22.50
21.78
33.21
23.19
38.09
35.50
26.80
25.81
30.82
36.66
20.75
33.70
29.79
30.37
20.34
23.48
33.92
33.13
29.61
25.79
28.23
27.00
22.60
29.87
28.11
29.96
39.71
33.98
32.95
31.84
23.27
39.12
31.50
23.15
39.26
22.29
35.32
37.47
25.55
24.70
21.69
34.00
24.20
37.19
35.99
38.75
22.19
20.21
36.06
31.48
22.86
38.63
38.11
20.76
25.31
30.29
38.98
23.51
24.14
22.21
33.43
31.78
24.25
28.85
29.60
27.48
35.78
25.38
24.76
30.68
30.28
36.01
33.90
35.40
29.03
31.15
34.05
28.90
33.92
31.51
29.52
28.68
35.66
34.34
27.62
37.83
26.01
27.12
36.90
23.85
27.14
34.19
26.86
27.81
33.43
37.11
35.14
24.21
34.49
20.79
32.16
26.69
32.61
35.84
26.07
34.84
38.79
39.33
39.81
39.87
28.61
37.03
29.71
35.70
23.36
21.10
27.43
28.78
20.46
24.36
29.73
37.23
35.25
30.59
29.08
33.35
21.12
35.38
34.32
31.26
25.49
23.37
24.39
30.06
35.83
25.79
36.97
22.15
36.70
24.91
32.36
34.43
28.47
24.49
36.34
39.21
22.70
29.98
32.96
20.94
33.39
27.48
28.26
39.51
35.24
27.18
34.16
32.22
21.79
38.69
31.58
33.17
31.24
33.72
38.23
27.03
26.45
33.18
39.90
33.17
30.88
27.51
33.26
34.93
28.71
21.71
25.12
34.37
24.51
25.64
38.27
31.05
27.27
35.56
28.36
31.79
27.16
28.81
32.81
28.26
39.92
26.79
38.09
28.26
31.36
24.79
26.90
20.12
34.70
30.27
24.59
23.36
24.31
31.02
31.97
24.88
23.74
38.37
37.03
24.73
28.99
39.45
24.44
38.92
28.72
26.33
36.28
26.47
28.10
39.17
31.42
25.61
32.24
24.52
20.71
21.98
27.91
30.13
35.37
30.32
26.68
34.23
29.52
32.04
30.54
32.85
28.85
24.00
20.22
23.55
21.67
22.07
33.44
23.94
23.53
31.38
38.00
30.77
28.63
30.99
34.04
34.06
36.47
22.44
31.85
22.57
27.25
20.37
21.01
28.81
35.41
36.04
25.84
27.20
32.78
35.42
25.66
25.38
23.48
37.91
35.10
33.17
25.46
25.29
27.28
30.85
31.00
32.80
33.09
37.13
29.90
34.43
24.64
30.08
24.87
20.59
28.75
30.81
29.04
36.53
39.36
27.34
27.01
36.21
27.69
21.44
21.74
26.21
20.81
31.65
25.22
29.56
35.01
31.64
30.23
26.93
39.29
32.13
31.33
21.45
37.19
34.71
28.23
24.00
23.73
30.53
35.93
21.13
34.03
29.32
34.92
20.90
37.29
28.06
30.85
21.50
30.83
38.09
20.57
28.78
32.59
27.81
21.10
31.11
31.34
29.26
39.73
22.80
34.04
24.52
22.58
38.75
22.77
33.89
26.73
32.38
27.12
39.75
29.65
38.39
31.34
23.73
37.55
22.04
29.46
22.47
34.18
28.12
34.17
20.07
30.13
27.87
21.31
25.39
28.97
30.19
26.56
28.83
37.96
31.41
38.32
33.03
23.73
28.01
23.48
32.41
37.11
23.85
22.04
24.95
23.33
36.34
25.35
23.52
25.45
28.94
30.69
37.78
25.87
36.09
22.92
25.70
39.43
36.46
25.07
34.21
32.57
21.76
20.18
34.67
34.44
32.34
39.17
25.27
30.13
25.71
28.32
37.79
20.95
31.14
39.49
31.31
25.13
36.45
21.70
37.45
29.30
39.15
20.97
24.95
20.50
29.96
26.24
36.37
23.43
33.77
26.03
22.54
26.72
24.81
34.27
28.07
36.83
25.18
26.20
22.75
39.64
31.78
27.51
33.29
24.21
30.54
31.66
38.35
31.19
20.65
38.13
29.16
38.55
31.58
23.30
29.21
25.32
30.27
23.11
30.42
27.96
34.03
34.31
29.73
24.72
28.60
38.57
22.29
20.43
30.81
26.48
29.75
28.16
21.30
39.31
32.65
38.02
26.10
22.39
26.79
33.97
36.56
29.11
23.69
33.48
39.86
26.66
39.94
31.06
28.15
35.35
38.29
36.72
37.08
22.95
24.08
29.24
21.29
27.42
33.74
24.13
29.81
35.24
37.70
32.88
21.31
23.97
35.75
23.38
35.80
25.85
32.20
24.85
32.52
35.33
36.35
25.69
30.22
29.24
21.39
34.16
23.39
36.49
33.35
23.95
38.57
30.08
27.81
20.65
24.63
21.63
24.31
25.52
34.84
33.79
36.39
39.91
20.38
20.17
39.90
23.82
27.48
26.32
38.45
23.56
21.29
24.02
25.57
27.87
27.66
35.13
26.18
37.85
35.82
28.86
35.67
39.90
27.74
30.63
30.04
37.17
21.87
34.64
25.03
24.51
33.44
26.85
25.81
35.23
21.56
26.43
34.76
20.18
32.18
32.92
33.40
21.91
30.68
34.96
26.38
31.74
32.58
26.09
26.63
26.57
27.05
27.32
33.20
27.40
27.72
22.08
22.19
31.93
32.96
20.99
22.44
37.32
23.15
31.91
22.07
30.48
35.35
30.18
33.82
36.82
31.24
25.06
21.67
29.55
29.14
38.93
29.17
35.17
20.07
27.61
37.38
30.85
39.08
24.32
30.18
23.34
26.85
24.77
38.99
32.83
23.57
30.60
29.22
29.66
20.63
20.72
31.36
30.69
30.90
29.33
30.00
34.54
35.24
37.22
39.94
20.96
20.01
26.39
21.56
21.45
26.39
34.87
39.27
34.66
27.37
22.44
29.73
29.59
25.15
29.19
23.54
28.48
33.07
31.02
28.42
20.79
22.26
31.42
36.62
36.13
33.55
39.23
30.09
27.32
27.58
31.08
38.56
21.66
28.01
26.61
20.26
23.40
33.08
20.90
22.81
30.78
25.73
36.76
32.10
28.77
30.20
31.29
34.89
39.20
36.06
22.69
20.49
32.65
38.93
33.48
38.87
24.98
20.41
24.94
31.90
22.76
37.67
29.65
22.22
35.98
27.75
25.91
29.87
20.40
22.07
30.33
37.04
34.00
24.59
31.65
34.42
30.41
25.82
31.43
38.89
25.99
29.65
37.58
38.85
36.13
35.09
31.64
24.01
28.90
20.27
23.34
22.49
25.84
28.85
35.81
24.45
28.54
21.70
22.85
21.45
30.77
36.50
25.72
28.76
30.55
36.06
21.27
28.75
30.87
24.85
24.81
24.24
35.14
38.38
22.70
34.21
26.38
27.00
28.90
28.11
24.55
20.28
26.47
34.56
34.70
32.91
24.80
27.26
22.48
25.39
26.54
35.48
21.24
20.56
36.18
27.34
24.35
38.92
28.51
20.85
30.34
33.76
27.78
28.33
39.88
22.54
32.46
20.61
29.32
29.77
21.90
23.95
21.41
38.23
37.45
35.41
37.37
37.46
37.76
30.49
36.90
36.83
37.37
32.64
39.30
21.92
20.81
30.90
26.11
33.87
22.51
23.71
22.22
33.69
35.38
27.45
35.00
25.34
21.63
22.51
23.45
22.84
23.99
26.89
28.59
21.81
23.24
21.10
24.31
32.89
21.79
22.29
37.96
24.91
33.27
20.26
34.72
23.81
22.34
21.82
35.54
38.34
23.38
39.06
23.77
25.31
33.11
21.45
28.32
23.74
32.25
36.38
35.08
37.59
36.32
26.44
39.30
28.34
33.42
28.38
22.79
30.90
28.76
29.06
31.40
37.10
34.14
23.07
23.18
25.94
34.79
34.05
39.54
24.93
29.05
24.29
28.36
29.85
29.89
31.19
32.24
29.61
35.53
38.14
27.14
30.04
24.64
34.15
22.96
21.87
22.71
32.68
36.60
26.11
23.13
32.41
29.21
32.66
32.30
24.08
24.62
24.10
37.81
23.19
22.83
20.62
21.90
28.82
27.91
32.10
37.20
21.42
24.05
36.31
30.58
35.04
32.41
23.97
33.32
33.64
24.22
21.44
20.94
22.33
34.74
24.55
31.93
30.40
29.37
26.53
29.83
21.88
36.79
34.71
25.60
35.78
27.62
25.10
22.77
39.25
28.67
28.88
21.57
26.81
33.83
34.45
30.81
32.28
27.80
24.77
37.83
28.57
27.15
20.36
24.10
23.42
24.63
36.92
22.56
23.62
29.25
22.08
30.14
35.33
37.00
35.72
22.21
26.40
22.10
21.20
23.80
26.66
20.15
22.26
21.91
30.55
30.73
34.87
28.20
39.17
22.47
23.54
24.41
22.86
33.93
25.57
25.09
23.24
25.77
22.15
27.05
39.06
24.84
39.84
34.10
27.30
39.39
38.61
21.34
29.67
21.39
26.14
31.70
31.70
31.23
29.07
38.70
20.38
33.31
32.57
35.21
28.93
20.73
36.88
32.24
22.09
25.84
26.13
36.41
28.73
31.63
32.52
36.63
31.09
26.67
24.69
25.01
36.98
36.49
35.98
20.21
26.56
34.14
29.74
23.64
33.42
33.73
29.29
31.21
29.34
32.75
27.81
30.24
37.59
27.64
33.71
26.25
27.94
21.04
38.51
33.79
24.22
23.61
28.93
32.26
27.90
21.28
21.22
28.11
20.34
37.95
21.67
25.57
37.74
35.35
27.03
24.58
36.98
22.45
24.63
28.43
36.35
37.28
22.87
27.53
31.34
34.22
24.09
21.33
25.08
30.97
25.61
24.65
30.21
39.77
33.50
37.12
35.00
34.69
30.88
20.85
30.23
32.09
30.29
23.03
24.39
29.01
24.24
29.96
36.82
28.20
34.10
33.53
39.21
36.06
20.68
25.08
22.54
28.62
23.73
38.55
34.41
39.04
27.74
38.84
30.71
29.25
34.93
20.41
29.95
38.77
29.64
31.83
35.08
21.68
34.39
32.32
27.31
20.92
29.88
37.39
24.38
26.52
23.15
23.22
29.51
23.99
20.68
38.84
29.85
29.11
21.75
35.19
33.77
25.60
38.89
28.00
38.71
29.39
36.70
26.36
22.29
36.75
21.46
38.09
24.27
24.86
24.14
34.85
34.54
34.82
23.11
36.22
34.93
31.02
32.56
30.15
30.75
24.47
32.34
24.86
35.67
39.04
26.23
38.44
37.39
32.66
26.56
23.57
27.59
23.50
32.46
33.33
32.58
25.72
22.66
28.53
38.42
39.65
37.20
35.93
30.82
20.70
31.10
24.77
35.15
38.44
25.74
34.46
25.22
36.39
22.86
32.88
25.42
28.26
35.35
39.58
21.16
28.70
35.09
26.31
39.50
37.01
22.37
23.42
35.83
31.93
20.53
36.52
36.52
33.37
24.02
35.55
25.72
39.28
36.83
31.26
34.19
25.10
22.30
25.33
28.35
29.14
22.85
36.59
32.86
30.02
33.93
32.49
33.18
37.86
27.42
23.04
33.53
28.84
38.78
39.68
29.62
29.18
38.93
22.52
27.75
39.52
27.59
21.05
32.15
26.08
26.22
24.51
38.20
33.57
30.03
29.03
31.27
26.97
27.28
25.27
38.12
26.27
35.17
38.76
32.17
36.52
29.71
27.89
28.04
38.23
25.17
34.94
38.26
35.89
27.19
29.65
21.15
22.51
39.79
29.90
36.57
22.26
21.78
37.53
28.29
24.18
38.56
33.78
33.90
30.31
26.16
31.55
20.91
36.71
29.39
21.48
24.86
23.15
29.83
21.31
21.38
32.40
35.68
31.76
23.89
29.36
28.32
23.48
37.03
38.56
30.64
25.55
39.38
37.41
38.36
27.27
35.63
20.86
24.11
38.79
36.76
32.71
35.12
39.28
37.42
22.32
37.80
22.60
29.22
35.79
24.21
22.45
38.19
29.30
38.37
35.05
27.79
22.87
29.78
31.36
27.45
29.34
24.01
23.37
22.99
24.42
26.99
36.97
29.69
39.85
22.85
31.34
39.41
28.02
29.65
31.78
24.47
25.20
37.97
28.44
29.73
31.09
24.12
26.28
24.47
28.87
24.62
35.30
37.46
21.97
24.87
31.67
31.82
38.74
35.54
27.79
31.51
29.86
36.59
24.38
35.48
29.95
37.36
35.28
38.74
37.61
21.02
38.94
34.63
36.93
28.60
37.47
33.53
32.71
24.12
27.53
35.13
34.14
26.44
30.42
23.14
30.83
38.16
36.99
38.67
37.06
23.56
24.96
39.95
21.89
25.32
22.74
22.83
24.75
33.53
31.91
23.76
29.57
31.46
21.20
28.01
33.40
24.79
25.40
31.46
39.54
35.25
21.10
26.51
30.63
28.70
32.22
38.52
39.67
22.40
35.65
38.52
24.55
37.49
39.71
31.29
20.80
39.60
28.50
34.66
21.79
37.59
30.59
33.84
22.81
36.32
34.79
38.20
22.42
25.62
24.47
22.07
21.06
24.12
24.83
37.97
39.42
39.66
38.66
31.05
31.95
34.12
30.84
21.76
27.04
26.79
28.11
33.72
39.54
38.07
22.29
24.06
22.57
28.69
20.46
35.35
25.82
33.40
22.57
20.47
27.17
35.00
23.35
20.60
22.64
30.92
27.25
28.23
32.13
29.54
26.86
37.01
20.73
35.32
33.56
24.15
26.20
30.88
26.34
37.56
23.87
21.24
28.54
23.37
23.80
39.62
23.07
38.74
22.03
39.50
24.98
20.41
33.86
34.11
35.00
29.90
31.96
31.34
32.83
26.48
36.03
34.23
29.76
21.15
39.99
27.54
38.61
22.37
36.21
23.20
36.74
37.54
36.53
34.50
21.83
36.07
37.18
33.10
29.84
31.58
20.42
20.34
36.79
36.99
37.96
28.56
33.81
24.75
38.17
37.19
20.94
32.42
31.62
32.47
31.02
27.72
34.16
35.93
35.95
22.43
37.95
31.33
25.21
23.77
28.03
22.98
22.24
36.10
21.06
33.38
23.10
35.28
39.28
37.36
32.81
35.44
35.42
21.97
33.34
27.35
21.90
35.87
32.98
37.78
27.74
35.13
20.88
28.61
37.14
27.73
33.04
34.87
22.87
39.61
34.69
38.89
29.21
32.84
24.92
37.50
23.63
31.83
39.26
31.38
28.52
24.03
36.82
22.95
31.42
25.43
23.38
23.86
37.43
27.45
39.70
27.97
38.93
25.42
21.84
30.50
28.20
34.65
37.27
30.17
26.01
26.02
30.48
20.94
31.23
33.81
30.68
26.12
39.12
30.83
23.15
21.49
35.78
22.45
30.09
26.42
33.54
33.11
32.54
33.71
31.10
21.25
23.60
39.58
32.59
30.64
26.64
29.19
32.46
30.50
23.84
35.66
29.42
33.11
27.30
26.66
29.02
33.41
39.19
25.43
34.95
37.71
26.63
22.02
36.22
37.79
31.91
30.16
30.41
38.60
35.27
21.13
31.23
35.87
28.54
33.44
22.11
24.08
36.58
27.93
24.30
34.51
32.63
25.27
23.80
36.63
20.88
24.95
22.88
38.73
28.98
26.89
38.60
23.03
29.08
28.58
38.40
38.52
37.33
38.37
27.52
20.06
25.24
23.73
28.47
22.23
32.71
36.53
30.21
30.70
22.57
27.11
37.75
23.59
29.73
20.17
21.30
26.82
34.76
34.88
28.51
38.21
36.93
23.56
39.80
32.04
33.97
39.87
39.81
31.77
31.52
32.71
23.73
27.54
35.10
37.15
35.07
34.19
20.49
39.59
21.12
20.40
34.77
34.05
30.12
25.99
27.63
28.48
22.70
36.96
34.64
21.75
39.95
28.56
32.23
32.14
28.45
37.75
38.73
35.37
20.65
34.94
33.13
34.74
38.07
36.11
38.23
32.40
35.13
28.06
28.72
38.02
23.17
37.74
27.16
30.23
34.03
27.77
38.82
28.73
23.34
22.84
35.55
30.06
21.90
25.43
25.27
27.70
38.22
22.04
21.18
21.66
32.55
26.46
28.10
24.78
22.06
22.66
37.20
33.02
22.86
33.96
20.47
26.07
27.85
23.09
32.25
27.37
21.12
39.15
22.66
34.28
32.70
33.51
21.56
39.14
34.14
25.69
31.67
33.72
29.26
35.26
29.87
38.21
33.45
31.94
31.29
31.29
22.61
33.20
34.89
28.96
37.62
36.24
25.24
28.43
39.95
36.66
22.01
30.01
22.81
39.04
26.34
38.99
21.62
21.66
38.23
23.76
35.60
31.52
33.43
32.96
28.21
34.10
20.47
34.52
33.77
20.29
38.14
38.46
30.11
23.33
30.84
36.92
25.43
30.97
39.81
26.23
37.98
33.57
34.49
20.90
39.04
33.75
38.98
36.24
34.23
28.36
35.95
35.02
31.67
27.05
30.48
36.94
28.32
31.85
37.22
20.01
27.55
23.39
30.68
20.95
36.87
35.41
23.69
21.61
22.09
35.47
21.85
37.46
33.30
28.56
38.51
33.80
25.78
32.98
34.57
27.21
30.91
20.57
30.91
38.33
25.19
33.78
35.04
35.78
24.86
22.12
37.85
32.05
24.24
37.70
23.62
36.08
25.23
37.38
38.76
34.82
32.08
22.34
21.14
24.94
24.98
23.53
20.92
33.04
22.81
26.88
32.26
26.28
35.25
29.88
33.81
29.46
26.23
28.97
39.89
26.15
35.74
30.80
32.85
21.48
24.66
34.06
39.28
27.56
21.93
25.19
25.23
28.99
34.75
34.85
33.40
28.16
34.03
28.30
38.20
26.25
37.12
20.41
38.24
37.99
21.44
36.57
36.36
20.52
39.90
24.78
25.16
29.67
29.98
23.49
25.98
24.11
31.33
37.03
28.43
37.68
27.47
27.25
23.02
29.74
37.92
25.07
25.63
27.33
24.24
34.89
20.18
27.86
27.52
34.05
20.88
33.56
31.37
32.56
23.01
22.11
27.86
35.72
31.55
26.78
39.35
37.98
32.24
37.53
23.48
32.29
21.79
36.32
26.58
26.47
29.88
22.91
28.20
23.32
27.33
21.92
24.59
21.33
37.55
21.19
28.78
21.11
32.76
22.25
24.99
34.57
20.34
35.55
31.33
25.79
39.00
22.92
35.54
27.65
34.30
36.20
23.69
34.99
37.98
29.59
39.74
36.09
30.50
29.84
39.14
22.10
23.31
29.37
21.64
39.04
21.94
27.85
26.57
32.45
31.26
25.49
20.76
28.14
32.78
32.19
36.77
28.00
23.46
24.44
21.58
39.70
20.04
33.12
26.90
34.81
30.37
30.12
35.48
24.98
37.62
33.91
34.07
25.08
23.90
31.95
31.48
35.49
33.34
30.23
28.20
25.95
20.49
21.47
35.92
39.51
34.66
28.31
29.78
23.99
38.58
22.30
31.11
21.84
26.45
32.63
28.41
28.29
24.40
36.14
37.59
39.82
24.44
29.06
35.24
37.04
24.69
31.16
29.43
29.08
31.23
35.31
23.16
25.68
32.76
38.39
37.84
29.35
30.98
21.58
28.93
26.36
27.27
27.24
22.04
26.94
31.39
27.01
39.81
38.20
31.02
22.45
37.50
38.40
39.24
20.69
32.17
23.71
21.57
24.69
39.20
24.91
29.74
32.22
35.46
33.19
24.83
30.78
38.58
32.91
26.25
29.02
21.60
35.94
39.16
31.36
28.67
32.24
23.40
31.79
38.19
29.77
22.11
24.52
22.11
23.53
38.12
22.99
25.08
37.69
26.14
25.52
29.15
35.98
35.42
28.35
32.49
22.26
27.39
28.64
34.07
37.20
24.56
33.32
27.94
23.36
32.91
24.62
22.96
27.09
22.97
25.04
30.21
26.40
34.58
27.46
36.16
32.16
20.33
37.47
29.98
20.07
20.70
33.51
22.84
24.04
35.15
24.25
24.19
37.00
27.64
33.62
29.75
24.45
37.67
36.48
33.26
25.36
35.49
33.32
31.82
37.56
25.19
21.18
26.92
25.65
25.43
31.89
38.52
31.65
30.89
23.44
32.81
33.29
25.30
25.62
39.42
34.18
29.93
25.51
22.50
29.30
36.33
24.27
28.39
21.28
37.55
38.43
37.10
35.42
30.11
24.82
37.12
34.80
38.37
20.47
28.50
30.73
23.42
22.10
29.98
38.52
22.61
38.26
35.11
20.78
32.53
35.06
21.41
24.43
25.35
39.39
20.05
35.84
36.84
27.60
39.03
28.10
29.25
25.04
33.75
37.62
22.11
23.36
20.23
34.75
30.35
37.96
28.24
22.71
25.21
39.37
29.17
35.54
21.67
25.46
30.13
30.77
25.41
32.75
25.18
22.96
34.11
25.05
39.12
27.39
29.34
35.19
36.38
25.31
29.44
28.99
38.37
25.24
26.20
37.55
22.65
38.35
29.92
26.15
22.28
20.42
26.10
24.06
20.48
34.98
23.87
25.47
36.78
39.65
21.19
37.64
30.94
23.35
31.76
25.92
38.90
23.70
30.15
32.68
29.57
24.32
24.37
39.48
35.61
35.65
24.45
22.68
28.14
28.29
37.49
35.54
28.59
35.82
21.13
35.30
29.47
21.83
37.18
34.41
21.53
33.31
24.81
24.08
35.34
35.94
24.21
32.49
24.89
26.67
30.22
37.35
37.55
39.87
30.45
28.38
25.46
28.69
22.03
35.80
31.90
36.51
30.95
36.01
30.94
20.36
21.19
37.21
26.44
24.70
37.48
39.17
29.90
38.92
26.90
38.13
22.45
25.78
25.70
38.88
31.36
26.63
24.93
38.19
24.54
32.83
23.28
30.76
29.55
38.72
25.09
20.09
22.14
28.11
26.16
29.99
26.10
24.76
22.70
34.85
21.13
35.71
25.44
26.67
24.12
35.28
34.48
31.26
26.70
32.49
32.68
25.35
39.56
32.26
38.67
38.49
35.03
39.50
21.98
38.51
29.51
31.09
37.33
38.94
28.88
28.64
36.99
30.78
35.70
20.81
30.07
37.92
38.92
23.65
20.79
38.53
28.15
38.29
24.45
29.59
25.69
34.10
27.42
39.90
36.01
38.50
37.94
24.75
27.74
33.07
33.69
27.64
37.56
39.20
33.97
34.78
37.85
23.57
24.20
33.40
20.87
32.38
34.19
29.65
35.69
27.36
28.14
23.44
20.24
31.42
38.31
23.80
38.75
21.01
20.60
33.65
24.29
33.69
25.38
24.72
29.35
36.12
24.41
31.97
33.53
39.11
37.03
30.11
33.37
27.39
31.70
39.03
26.27
21.27
22.53
24.64
29.67
32.54
39.39
22.45
31.65
35.48
37.60
25.42
34.90
39.17
25.76
37.99
25.61
31.18
33.02
20.63
35.32
37.22
28.03
21.61
20.75
31.01
39.24
33.13
39.52
29.16
20.27
30.64
22.54
32.05
36.47
25.29
28.52
21.44
32.42
32.43
25.36
23.58
36.33
33.45
38.66
33.36
27.93
21.28
25.78
20.93
39.45
25.71
39.72
30.26
39.03
21.38
34.81
28.78
27.13
33.71
24.45
37.69
36.94
21.05
27.91
29.77
22.49
32.79
26.01
38.04
30.48
31.28
25.16
29.13
33.86
22.37
32.47
25.87
29.28
30.53
32.46
34.16
23.93
37.51
38.86
36.73
34.46
37.99
33.28
28.03
33.84
36.40
34.93
36.24
32.54
36.33
24.21
28.19
25.73
21.39
28.29
37.84
36.40
24.42
37.14
37.02
28.50
26.17
39.41
31.15
29.16
27.73
23.56
22.09
28.43
35.34
23.97
33.37
23.62
30.94
39.43
26.76
30.83
30.38
26.79
25.78
37.26
23.64
31.57
20.68
29.39
32.47
39.17
39.29
30.98
26.79
21.36
20.90
25.15
39.21
20.21
20.68
30.03
21.26
27.31
37.78
39.26
21.22
38.00
28.41
28.22
39.00
33.07
31.34
38.62
36.75
22.29
37.10
32.45
27.91
36.27
35.76
28.14
24.73
23.63
38.11
32.49
31.34
32.26
37.76
35.88
33.04
22.77
29.41
35.37
28.42
22.05
37.05
25.30
33.10
39.02
36.84
23.11
37.85
27.54
34.21
22.31
36.15
26.32
31.02
29.66
22.93
21.80
24.91
20.67
31.06
26.42
38.31
29.75
28.54
30.53
21.86
38.57
38.55
21.88
24.93
30.26
26.16
35.85
36.88
22.39
26.23
21.79
37.76
22.39
34.04
23.89
37.91
32.81
27.46
29.74
35.44
22.72
27.09
29.43
33.02
31.58
25.10
29.74
24.42
39.47
35.35
23.72
26.30
31.52
20.03
23.82
28.88
28.16
20.46
39.41
23.81
22.60
36.02
20.82
26.12
28.68
38.89
31.64
20.93
33.59
28.52
24.51
25.32
36.39
34.09
36.15
35.73
39.40
30.23
25.16
31.47
23.56
38.58
24.53
23.79
21.35
22.86
37.56
31.29
35.28
35.72
32.70
32.65
33.89
23.05
27.80
35.47
25.66
39.96
28.95
36.17
37.71
36.30
21.84
39.90
30.44
21.48
30.55
34.72
25.93
34.82
25.38
25.63
25.44
33.99
24.17
34.03
36.34
25.58
39.94
38.64
27.71
31.93
23.38
26.70
38.19
25.89
21.76
22.93
31.11
28.26
26.19
30.42
21.63
33.14
25.46
23.32
30.14
29.08
23.88
25.51
32.64
27.89
21.46
29.78
30.77
27.00
25.92
25.57
20.28
27.61
21.37
37.59
20.81
29.89
25.31
30.95
29.96
39.75
37.94
26.14
39.46
31.85
29.81
32.04
28.12
30.43
32.88
22.79
30.71
29.99
24.21
29.38
23.48
31.22
27.98
39.01
35.72
24.22
37.17
39.02
23.22
26.14
26.52
35.48
29.28
27.92
27.09
38.74
38.98
37.73
32.35
38.75
25.97
25.78
28.38
22.56
23.56
25.88
37.66
28.47
34.46
30.33
34.69
31.36
34.89
25.73
37.96
22.18
24.63
28.55
35.45
25.73
32.47
27.20
26.43
38.81
36.41
26.78
30.92
39.13
26.61
23.87
21.29
32.37
38.88
29.45
21.54
39.29
21.82
35.63
33.85
37.66
24.95
23.99
29.56
22.91
32.14
34.86
22.46
29.90
37.46
36.88
28.25
26.41
38.34
39.30
29.83
21.09
29.73
26.38
31.81
33.01
29.23
24.47
36.50
37.12
38.99
27.43
24.96
38.45
36.82
29.10
22.26
30.67
39.70
29.28
26.53
38.83
31.48
39.55
28.99
36.15
23.29
33.56
36.61
31.16
38.86
32.00
24.75
29.12
32.72
22.68
25.17
34.05
23.44
33.08
33.03
39.36
39.16
31.58
26.61
23.40
34.53
27.86
38.02
24.05
27.71
21.42
38.16
23.10
27.59
31.99
28.38
28.33
31.03
29.81
38.54
20.46
30.24
30.84
36.23
22.68
34.07
35.40
22.07
23.10
37.65
27.36
35.51
37.06
22.87
22.06
38.12
29.05
39.23
27.29
34.40
39.56
33.00
26.88
33.61
35.13
22.09
39.48
34.51
32.35
23.32
21.93
24.38
38.97
31.80
38.34
28.03
21.05
24.98
37.61
34.71
30.84
23.07
39.22
39.41
26.60
30.22
28.62
37.37
32.37
20.77
35.55
37.05
20.89
36.08
37.66
22.80
22.06
37.89
32.85
38.51
39.94
27.59
31.45
34.64
33.81
24.10
34.96
23.22
23.56
39.09
21.36
34.62
34.00
35.27
28.84
31.89
38.08
27.65
32.82
32.75
20.18
24.35
39.49
22.73
20.29
33.01
31.84
35.02
37.87
26.16
28.04
26.40
26.40
27.91
29.05
24.17
27.63
25.19
33.54
33.29
27.54
37.41
26.59
23.51
21.14
32.00
29.70
21.25
24.54
35.93
36.38
28.41
34.71
37.60
30.78
24.10
20.84
24.73
25.83
28.37
27.90
32.00
25.41
36.01
24.71
25.69
29.39
29.89
24.70
30.67
32.67
22.96
30.24
23.63
22.39
34.40
39.22
29.25
25.87
24.72
26.77
24.45
37.34
38.88
32.81
38.06
37.59
31.08
24.11
35.87
36.87
33.18
36.25
32.41
22.63
31.00
33.53
24.84
32.46
24.62
20.96
34.31
34.33
31.45
38.25
36.30
23.39
28.60
25.92
37.62
24.35
35.10
21.50
29.62
29.30
20.51
24.89
33.36
27.32
31.33
26.99
27.81
22.13
36.00
34.84
37.71
28.33
36.61
21.14
29.25
33.70
25.78
31.88
37.16
26.58
33.01
36.04
26.30
35.01
22.79
28.17
35.36
33.80
27.69
39.64
31.47
34.34
23.97
33.21
37.63
28.72
32.77
22.62
35.36
21.09
37.93
38.12
36.48
36.46
33.27
37.58
39.17
21.37
36.19
26.63
24.13
20.47
35.25
32.72
20.03
23.57
20.91
24.63
24.12
28.09
36.39
21.53
36.77
29.16
37.02
35.25
35.52
27.13
29.96
34.71
21.32
35.82
20.82
36.02
21.79
28.55
34.99
36.05
37.47
22.89
36.53
35.92
28.00
21.42
21.46
38.91
33.37
31.95
29.21
30.97
22.74
37.14
39.55
36.36
20.96
30.34
36.46
25.54
28.29
22.78
25.10
30.95
27.36
29.94
29.44
30.18
28.88
26.03
25.73
38.71
21.85
37.96
30.83
36.00
22.06
23.35
34.39
33.95
33.16
31.63
30.75
26.10
37.57
35.75
26.31
23.78
38.25
25.99
25.98
27.85
26.32
35.09
28.74
32.37
32.47
33.35
36.17
35.07
22.37
28.40
20.99
25.47
27.07
20.87
29.22
25.18
31.48
29.11
39.51
37.61
34.01
24.87
23.88
30.50
21.06
37.25
20.92
28.03
36.45
25.37
36.32
32.35
23.59
28.95
20.76
25.90
34.71
31.19
20.02
37.34
22.25
31.37
21.22
26.69
21.24
39.63
35.33
38.89
38.87
25.31
31.69
31.82
27.48
38.77
22.40
20.77
39.47
34.60
27.53
36.66
21.21
21.81
29.55
31.51
20.77
27.14
23.61
23.87
21.45
30.94
27.93
30.85
35.66
28.07
23.16
38.17
31.31
37.28
32.31
28.59
30.26
30.93
30.20
39.38
29.41
21.81
23.16
32.09
38.32
26.64
27.62
34.96
31.05
21.29
31.35
29.87
30.91
36.41
25.66
22.87
33.40
31.39
24.76
35.92
30.54
23.04
24.03
36.56
37.04
37.26
23.59
32.75
24.54
25.80
31.94
26.30
25.19
34.80
24.10
36.42
23.09
35.26
21.34
27.09
35.38
25.18
24.82
27.52
30.70
37.31
29.35
24.82
30.58
29.66
37.76
21.38
36.08
27.75
34.32
26.01
31.52
39.90
26.78
39.07
31.12
26.73
23.58
32.34
39.83
37.27
36.67
20.98
26.10
22.95
24.34
30.83
31.87
28.40
37.80
32.23
36.20
20.08
39.38
20.83
39.14
36.34
37.89
39.18
29.08
34.93
34.74
22.06
33.97
28.94
31.05
29.54
22.58
20.35
38.02
30.78
32.53
22.50
39.70
23.65
32.74
22.45
21.89
37.66
38.05
36.50
31.47
29.13
25.80
26.17
23.09
23.15
39.37
38.03
21.39
37.04
34.06
30.30
24.89
37.87
36.10
39.31
39.53
26.65
37.45
34.46
39.07
31.15
31.43
21.94
21.71
29.86
29.19
35.77
30.70
34.96
35.41
35.73
39.60
23.58
35.83
38.11
34.27
28.11
26.78
21.50
35.93
28.11
29.62
24.18
36.29
22.08
28.27
27.26
27.42
21.23
37.86
31.12
20.91
22.89
26.62
30.11
28.90
38.43
31.09
24.35
27.94
33.57
22.66
31.98
33.59
22.88
30.25
20.79
39.32
36.55
37.75
32.62
23.69
30.10
28.93
21.68
27.79
37.35
28.71
29.39
36.36
24.70
25.63
24.33
20.65
38.96
34.96
26.09
32.68
36.97
36.48
25.77
38.48
30.71
35.01
29.74
38.59
21.37
35.18
35.80
37.74
35.28
29.78
34.82
29.29
23.00
35.50
35.43
29.70
39.88
20.60
29.48
39.19
28.69
36.31
21.56
37.85
38.79
20.80
22.41
27.83
37.76
21.45
33.10
36.56
34.33
25.54
32.72
33.45
33.92
35.78
36.79
33.32
32.83
33.15
38.70
39.80
26.44
22.83
32.51
39.68
28.47
28.38
39.65
25.38
33.47
37.67
24.02
26.65
21.28
39.98
25.00
24.53
29.87
37.64
28.69
27.04
39.88
28.29
23.91
35.49
26.99
24.76
30.65
20.04
39.43
32.86
21.79
34.19
39.68
31.39
28.92
33.80
36.74
34.32
39.21
36.14
34.01
24.91
32.70
20.09
33.16
33.38
25.59
34.27
25.48
29.44
37.27
33.41
32.03
39.78
25.48
21.92
38.02
34.56
32.56
21.15
33.92
21.40
36.52
25.93
25.49
27.81
35.21
34.29
34.40
23.74
27.61
35.91
37.83
22.13
27.69
30.95
27.20
22.21
35.32
36.03
36.04
24.52
26.61
25.63
20.38
34.76
30.52
25.95
37.22
39.18
24.64
21.91
32.53
22.64
38.53
28.88
31.89
32.99
26.29
39.96
26.39
35.33
36.23
21.78
39.34
31.13
37.94
37.26
29.15
27.70
28.22
37.16
32.16
34.18
29.72
30.01
28.32
29.90
39.72
38.98
27.27
21.15
29.55
22.51
21.42
20.07
25.54
22.87
26.36
36.34
24.01
38.41
27.72
30.08
30.72
31.13
23.97
22.85
37.36
31.58
23.67
33.46
35.83
22.94
26.34
37.21
27.55
27.81
37.04
31.76
39.20
24.72
25.13
28.97
31.40
27.43
28.70
31.58
26.09
21.66
33.18
30.10
22.90
23.92
35.95
30.99
39.14
21.14
36.56
29.30
32.24
28.29
34.73
36.74
25.96
39.23
20.41
20.86
37.64
34.88
23.42
28.48
26.57
30.89
28.90
37.92
34.40
33.21
22.56
20.12
38.91
33.26
28.20
35.49
36.43
22.24
32.46
32.72
22.82
33.69
37.58
21.43
38.64
24.57
32.65
28.28
31.42
25.84
37.32
33.66
32.66
20.62
23.91
33.37
33.59
24.52
31.81
33.63
35.59
37.33
23.52
30.51
35.20
21.09
25.86
23.73
29.57
31.41
32.27
39.73
39.68
27.19
27.46
29.95
21.05
22.78
34.17
27.70
36.31
35.51
21.48
27.59
39.21
25.54
20.53
39.86
20.37
30.37
37.85
36.61
29.05
31.02
28.61
28.42
29.37
29.29
34.56
36.34
38.17
27.16
36.09
35.18
39.61
37.60
27.46
31.60
32.11
32.33
31.35
27.91
32.33
25.23
38.17
21.67
37.06
38.72
23.51
30.18
25.38
38.97
28.69
22.71
24.06
21.98
36.92
26.96
33.07
35.31
36.46
26.69
31.65
38.17
24.67
32.70
23.85
29.68
21.90
39.80
20.82
25.38
23.07
35.91
28.86
27.26
31.71
34.52
21.51
35.95
37.74
38.78
21.80
32.06
23.48
23.70
26.04
35.94
20.88
22.06
24.46
31.39
20.77
22.31
24.99
35.80
32.75
34.80
29.25
22.60
35.80
30.60
39.35
31.97
31.17
34.08
24.83
24.09
31.78
33.79
33.67
24.43
20.96
25.64
31.29
27.15
24.19
32.15
21.82
32.88
24.47
26.21
30.74
30.26
23.83
23.90
20.53
25.70
33.33
22.21
28.51
28.53
33.37
27.22
27.62
39.45
21.72
32.90
27.47
39.49
25.71
35.35
38.04
20.56
28.78
26.81
27.00
35.71
20.90
24.44
31.45
28.07
35.63
35.20
32.13
33.62
21.14
21.85
26.81
37.98
22.44
20.76
38.46
32.49
30.29
26.46
29.51
25.36
34.19
24.37
23.27
39.75
21.03
20.39
29.84
29.57
30.23
24.15
39.30
20.40
35.94
31.62
38.61
34.25
37.65
34.24
34.53
28.31
20.78
39.03
32.28
35.19
34.49
24.96
38.00
23.02
20.79
22.71
30.46
28.75
29.36
32.35
28.42
39.59
36.20
24.46
34.39
35.41
27.33
32.37
24.35
33.62
37.33
36.49
26.30
28.43
31.73
36.17
37.06
27.28
27.99
21.66
23.09
20.66
33.40
36.92
31.67
32.38
34.92
37.35
32.29
22.20
32.90
37.09
35.25
25.53
28.65
20.68
38.83
32.15
26.30
35.68
25.15
29.54
22.87
30.13
28.23
39.21
38.82
35.69
31.39
23.25
21.98
39.12
23.18
40.00
30.29
20.06
29.65
26.69
39.04
33.99
39.47
27.28
29.55
27.04
35.88
29.81
30.98
34.71
23.01
39.83
21.74
37.84
30.76
32.88
27.33
39.64
35.39
38.17
20.18
37.34
34.16
23.95
29.44
29.87
32.21
38.60
38.41
21.75
27.30
36.19
33.31
31.71
38.41
29.58
35.94
27.53
35.70
33.99
21.32
33.67
21.43
27.90
28.24
32.32
25.80
28.11
34.14
28.60
32.07
20.49
23.98
22.93
25.26
35.70
25.52
26.37
23.52
26.60
21.92
30.55
24.98
31.97
34.38
26.28
28.98
33.86
27.34
28.73
24.38
36.88
26.15
39.35
37.23
36.20
37.85
27.86
24.13
21.05
39.61
38.38
28.79
21.15
27.69
39.23
21.93
26.26
27.53
30.59
25.93
35.03
20.48
37.34
34.05
36.06
31.56
26.33
39.29
38.65
30.19
27.24
34.11
26.66
21.73
32.95
24.52
37.07
20.46
28.40
30.28
23.01
39.57
36.94
30.70
34.07
31.80
35.30
38.12
24.48
35.60
20.92
29.31
25.53
23.13
20.66
31.92
39.10
26.84
27.44
31.49
37.16
29.26
29.95
35.82
35.21
35.77
28.27
32.67
21.82
21.08
30.97
28.94
37.09
37.34
35.24
31.48
37.44
32.84
31.72
39.57
22.42
36.74
27.52
27.57
32.06
31.67
39.61
23.43
31.33
27.27
21.77
26.62
35.33
39.75
39.30
32.93
27.31
23.82
28.80
20.83
23.73
34.41
20.99
25.70
24.18
39.00
21.03
22.36
31.65
33.89
23.40
21.32
26.70
38.05
32.36
31.28
25.69
20.90
28.55
24.42
34.88
25.76
37.18
20.81
29.35
20.49
23.76
38.92
20.52
36.45
24.69
20.92
37.11
20.45
37.39
25.62
24.37
33.51
32.26
37.84
32.60
21.56
28.81
26.92
21.46
36.82
32.86
36.64
29.50
31.97
27.85
36.61
24.72
38.84
33.40
37.00
22.18
39.64
22.60
20.43
35.32
25.86
31.09
23.20
31.62
35.36
22.19
32.66
20.29
37.04
21.94
38.49
31.37
34.30
29.10
39.22
32.93
22.48
37.91
29.12
25.45
29.64
21.65
39.43
36.98
27.79
27.05
28.68
23.47
35.40
31.64
31.18
21.04
25.83
20.16
33.56
22.57
33.64
28.92
20.30
36.08
23.02
25.93
23.37
33.88
36.90
37.93
25.47
29.66
37.82
34.70
29.82
38.70
29.94
33.30
33.11
31.32
30.28
21.72
37.06
28.49
20.64
34.45
37.98
25.02
25.75
22.49
22.70
32.75
22.12
25.74
31.83
23.26
38.02
37.87
24.14
22.93
39.16
33.77
20.59
30.25
20.92
33.04
31.78
27.70
28.36
22.93
31.58
36.30
23.67
25.68
27.84
22.65
36.01
30.77
28.22
23.68
35.24
23.20
34.50
36.83
36.28
26.30
20.11
30.14
24.64
33.88
26.36
20.52
39.20
38.27
25.41
28.11
38.66
29.43
36.47
31.29
26.67
34.97
28.45
26.73
22.70
27.36
34.50
37.05
27.19
23.18
24.75
24.43
20.35
25.55
25.87
30.26
39.78
20.05
24.50
28.98
24.74
39.22
26.63
27.36
24.44
36.01
23.64
32.34
21.97
36.85
26.06
36.54
22.67
32.97
30.92
35.91
27.78
23.63
22.37
26.98
26.11
33.13
27.31
37.80
20.72
28.71
37.58
34.88
29.48
25.38
26.48
30.77
35.69
35.68
39.71
21.20
22.07
24.62
26.36
25.80
34.37
39.21
34.59
30.54
36.28
26.90
30.95
37.62
26.72
31.85
22.87
21.74
27.35
30.59
32.89
27.98
28.63
23.70
20.40
24.42
33.98
39.84
20.39
33.16
30.00
29.44
39.38
32.96
30.91
25.58
25.86
28.31
24.36
21.43
37.51
32.73
37.01
38.62
30.27
28.37
39.00
26.61
35.47
27.99
22.05
21.16
31.57
26.74
35.89
21.65
20.08
28.68
20.54
21.42
34.93
25.84
24.60
38.24
29.71
35.09
21.33
34.47
20.15
20.77
30.61
31.37
27.00
28.52
23.73
22.35
33.66
29.94
39.85
36.64
31.07
22.80
28.78
31.81
21.24
34.17
35.68
20.02
39.60
28.07
30.54
27.69
32.14
28.77
24.67
25.54
30.79
38.16
28.37
31.59
35.78
37.70
28.57
38.98
26.74
20.25
26.67
21.16
21.03
26.04
26.85
38.60
29.27
33.56
26.05
25.31
32.37
32.81
28.40
34.25
21.51
36.86
28.92
29.49
38.35
36.70
29.13
31.12
38.98
23.74
34.97
26.07
38.35
36.62
35.00
37.99
31.18
26.17
22.15
34.07
26.57
25.30
33.25
31.66
29.85
26.84
35.43
39.54
39.47
27.68
38.25
22.68
24.88
36.03
29.37
33.17
25.49
31.04
26.50
31.86
27.19
38.41
20.03
31.04
28.30
37.50
30.65
35.34
39.01
33.83
38.11
31.80
25.20
39.22
26.82
35.95
21.72
29.24
21.53
22.94
35.97
26.60
25.17
31.34
22.74
23.16
36.38
25.73
28.56
37.05
26.66
38.14
39.23
39.03
28.37
27.09
37.32
25.09
33.57
29.18
26.05
34.89
32.64
34.89
20.70
31.65
30.91
37.16
27.67
34.60
28.37
27.08
22.54
38.17
24.98
20.14
23.69
26.41
38.62
24.52
32.40
38.68
32.22
33.57
28.33
23.98
35.24
28.95
32.50
38.83
37.38
21.46
22.69
35.16
33.22
21.61
32.09
30.76
32.89
39.46
35.99
29.55
37.05
20.54
35.28
26.84
33.50
34.70
23.27
22.66
31.53
21.99
20.40
29.59
20.37
28.25
39.44
31.54
26.03
22.69
26.40
31.04
30.85
34.59
22.62
31.69
24.73
38.10
38.59
36.79
28.51
20.11
20.91
29.58
33.43
26.28
31.13
32.22
29.13
33.58
30.72
36.19
35.81
38.16
27.98
37.98
27.74
22.96
31.89
32.37
32.00
28.74
28.30
33.67
21.41
37.57
34.89
25.90
35.79
24.54
29.25
27.18
29.08
31.58
32.26
20.17
24.60
36.74
25.74
39.64
23.08
39.27
34.49
29.51
24.12
24.18
34.09
28.13
39.49
26.14
28.53
24.63
38.02
22.46
27.54
31.47
29.74
29.75
39.72
34.25
27.74
37.60
31.33
34.82
31.64
39.92
28.04
20.61
38.09
35.45
29.74
21.91
27.13
37.86
32.48
20.20
29.84
24.88
37.79
25.38
30.32
39.36
32.94
27.76
27.28
26.41
36.86
28.73
34.80
34.63
31.43
36.65
31.30
32.37
35.63
32.77
22.05
25.14
20.96
20.99
30.93
26.52
20.07
21.79
26.21
36.23
23.34
28.71
37.76
23.82
23.37
26.51
37.65
32.43
35.88
29.78
39.39
38.82
23.19
31.68
20.00
23.10
26.09
37.74
32.41
38.86
32.38
34.08
38.54
20.40
33.92
37.83
36.18
32.31
31.99
28.01
23.23
32.58
37.42
28.80
39.27
23.61
34.68
20.81
29.40
28.97
37.74
24.87
37.39
36.84
23.22
35.70
29.56
24.12
23.63
23.75
29.66
27.20
22.04
29.14
39.57
36.27
38.02
39.80
23.17
29.73
24.11
21.34
39.82
36.17
27.34
25.37
31.07
28.97
32.89
30.34
26.70
21.83
37.45
21.58
24.32
34.30
35.68
36.96
20.61
23.11
32.90
24.32
27.16
24.08
38.25
33.58
25.38
33.09
25.50
35.51
34.24
26.59
27.37
32.08
35.67
23.52
29.67
29.45
37.26
36.10
24.98
23.43
31.04
22.50
36.89
39.34
32.35
23.63
32.98
37.40
21.42
23.11
27.29
38.69
38.79
20.72
39.14
32.50
25.37
37.19
32.67
22.35
37.40
31.34
22.86
32.11
31.72
20.87
23.42
25.13
38.69
30.15
36.00
37.19
37.94
21.92
39.88
35.33
29.32
39.72
28.72
35.66
32.23
27.39
32.56
21.69
20.29
31.32
38.31
29.92
32.54
33.87
38.92
39.41
31.88
37.87
28.96
22.92
33.23
37.36
37.37
20.09
30.38
24.42
32.04
26.85
30.83
29.21
33.50
26.12
21.17
30.74
38.64
38.04
20.07
34.13
21.34
25.30
37.98
22.33
36.85
35.21
35.11
22.56
39.57
36.60
20.90
29.44
35.88
21.37
25.91
23.60
30.27
26.06
30.22
37.89
29.34
25.45
33.12
34.68
30.32
32.05
33.42
35.82
23.32
39.67
32.94
21.94
36.42
35.51
29.86
27.36
32.75
39.62
35.83
31.16
21.55
21.27
35.43
39.77
28.59
31.03
36.86
25.78
35.18
24.21
22.81
33.22
23.17
24.18
33.45
39.33
25.00
39.99
39.95
26.42
26.96
30.87
22.18
29.78
25.43
25.72
36.12
20.16
30.80
37.87
25.78
22.21
26.44
30.46
34.40
31.70
38.14
28.94
33.90
20.42
32.13
29.07
23.65
37.55
29.31
20.21
23.81
21.40
29.68
29.93
39.69
24.64
25.43
39.63
28.65
26.50
28.68
39.04
33.11
26.98
37.85
38.02
29.81
23.59
32.00
30.33
20.76
33.19
36.92
35.05
27.71
30.48
39.16
23.79
26.78
24.97
29.75
21.11
22.37
32.43
32.23
23.13
24.56
29.33
37.28
36.16
23.42
21.85
30.40
20.15
23.35
30.83
28.29
32.88
24.65
21.18
21.42
27.17
39.90
34.46
32.89
21.93
39.39
37.23
34.48
23.98
32.59
39.33
29.86
20.19
35.53
37.06
35.27
31.91
39.38
23.96
22.84
23.54
27.75
38.87
26.07
39.13
28.26
24.87
22.05
34.74
27.89
37.05
27.27
39.90
31.87
24.14
23.79
37.90
32.95
31.09
31.36
34.01
34.69
38.41
36.04
20.08
21.88
21.63
29.31
39.63
29.99
30.21
29.51
25.96
37.40
31.40
32.16
32.51
34.54
27.35
23.22
32.41
36.85
28.64
35.49
26.79
33.91
26.97
26.68
26.49
23.82
23.64
21.70
33.25
33.70
21.89
23.80
31.81
36.68
25.87
31.83
25.15
34.16
28.20
23.52
33.24
38.92
33.18
38.83
33.58
33.31
32.18
39.50
30.50
29.80
30.75
25.09
31.98
34.66
23.64
38.51
23.69
26.49
30.82
20.44
25.90
38.98
24.33
28.19
24.38
39.19
35.06
36.06
26.65
26.71
31.30
25.96
36.04
30.46
31.01
32.38
36.23
30.85
21.73
24.60
20.97
25.86
36.87
24.30
28.75
27.33
30.08
31.25
33.60
39.28
35.86
21.27
39.59
27.59
25.94
21.65
39.16
25.20
26.68
26.73
36.96
31.09
27.82
29.52
23.89
39.14
34.35
31.92
39.35
30.77
29.30
37.58
36.21
36.36
36.52
27.06
34.21
29.89
37.42
21.38
27.16
30.02
37.27
37.20
22.74
26.45
23.17
33.45
26.80
26.88
29.38
23.45
39.06
27.04
34.67
38.74
23.66
39.02
28.23
28.92
20.35
28.38
20.27
38.09
34.48
28.92
20.56
22.63
33.89
32.47
20.41
24.08
22.41
24.83
30.53
34.66
35.48
37.01
28.97
21.23
21.07
20.74
32.00
23.48
21.20
26.05
21.84
29.38
33.02
22.65
21.54
28.41
37.07
33.73
36.72
21.67
20.77
32.87
25.99
36.10
40.00
30.29
21.95
25.15
27.87
37.54
36.73
24.72
37.79
26.04
31.69
25.92
25.96
22.92
20.56
20.13
36.93
37.67
20.34
23.80
30.82
28.73
27.39
36.94
34.94
37.39
20.10
25.26
27.72
28.72
31.80
21.82
28.14
20.45
29.05
28.75
39.34
37.18
24.84
37.32
21.23
28.93
29.12
31.62
31.82
31.09
26.41
24.34
22.99
32.09
37.12
20.95
20.47
30.74
22.77
25.58
22.16
37.34
30.09
24.56
28.48
37.85
35.90
38.03
36.77
23.05
22.31
32.17
38.80
27.42
21.64
29.66
22.21
26.44
30.25
37.83
22.74
32.60
22.08
23.31
25.69
38.45
21.03
28.60
33.35
36.92
34.05
22.56
27.19
37.24
24.76
27.19
34.71
36.03
30.01
31.70
27.56
34.25
29.37
36.94
21.26
34.09
38.18
20.35
32.36
38.56
25.88
29.97
24.97
21.51
23.26
28.64
38.13
29.70
24.54
31.92
20.55
23.37
29.00
23.53
29.46
24.81
22.94
31.44
33.26
33.58
33.12
37.27
39.33
20.34
30.76
36.80
20.95
38.32
28.25
27.05
24.30
20.40
39.81
37.64
35.16
21.06
37.37
28.35
34.23
27.17
24.83
39.17
21.26
37.63
32.25
27.80
23.77
21.14
31.06
26.37
29.74
30.24
34.71
35.50
25.50
32.51
36.22
21.20
27.36
27.89
31.77
38.59
34.19
20.43
29.25
35.17
32.37
38.39
38.04
25.96
23.53
22.22
39.27
23.56
33.84
38.52
37.78
21.34
31.25
21.50
33.45
30.06
34.42
27.81
39.44
26.10
24.56
26.05
32.53
25.47
33.29
36.08
28.09
34.76
23.77
21.12
38.64
30.16
28.79
29.13
21.36
35.87
24.22
30.16
24.43
22.00
39.84
20.41
34.93
34.96
37.09
22.35
21.40
26.03
26.08
27.25
32.59
21.39
28.39
33.37
32.46
39.53
37.24
34.00
22.20
31.12
22.66
33.89
25.95
37.63
36.45
23.33
31.16
35.26
21.33
22.46
39.31
27.91
24.93
21.84
39.28
32.52
35.35
22.14
38.67
22.24
29.54
28.10
20.85
33.88
25.47
22.34
39.19
37.43
27.95
34.14
22.46
28.99
31.37
38.03
36.27
21.93
21.69
35.26
27.71
27.58
21.69
32.07
34.91
37.53
25.96
25.74
24.64
26.93
28.72
25.50
33.29
24.91
39.13
23.43
28.52
29.19
38.16
35.67
30.85
36.16
26.09
39.07
27.78
26.92
34.57
23.63
28.40
25.09
27.40
30.08
38.80
21.50
36.68
26.92
27.67
22.57
28.30
25.81
32.40
37.47
24.55
27.09
20.05
33.93
22.56
33.31
26.67
35.68
26.61
29.63
29.00
30.05
38.88
24.71
26.25
31.75
22.64
35.07
22.78
20.53
31.42
34.97
26.54
24.50
26.57
20.65
39.54
30.83
38.05
28.61
32.57
30.74
27.04
35.00
39.80
21.92
21.40
22.42
24.01
21.70
20.25
20.22
36.37
31.60
38.27
21.47
34.35
30.76
29.63
23.76
23.87
33.37
35.42
24.16
28.31
33.88
34.43
24.17
31.97
34.97
27.96
20.43
20.27
39.72
28.50
23.43
39.34
38.57
22.63
35.14
33.76
34.18
34.26
37.85
24.17
22.06
31.31
39.37
23.31
27.65
20.65
37.35
29.75
20.19
30.77
21.97
34.34
20.25
31.64
28.42
30.27
21.88
25.46
24.78
25.38
34.21
21.18
37.44
27.21
34.78
31.60
29.11
28.35
24.53
30.17
39.84
31.75
33.76
23.11
36.52
29.53
37.29
35.52
34.02
39.95
28.35
23.30
31.88
34.53
30.72
22.48
30.18
35.73
30.80
24.29
36.53
36.32
22.17
34.11
27.36
26.86
35.46
31.56
23.28
29.03
35.89
21.25
24.58
33.88
23.00
24.52
20.62
27.47
23.45
22.56
39.38
35.35
36.77
21.24
24.68
26.10
30.02
32.18
23.51
31.40
37.57
30.16
36.19
34.43
34.31
26.37
39.33
35.45
23.26
33.47
38.35
36.28
35.45
38.27
34.91
36.97
32.59
30.22
28.81
25.01
31.42
36.86
22.98
39.46
30.95
21.91
34.19
27.44
20.37
20.32
36.61
39.87
36.44
26.42
22.22
30.96
20.51
34.02
23.34
34.05
29.14
24.34
27.58
31.30
32.87
38.36
31.90
22.03
21.45
30.74
31.26
24.60
26.95
27.07
27.72
29.20
20.32
28.15
28.01
34.80
36.07
28.71
31.49
31.67
26.07
36.02
36.64
24.11
40.00
26.49
30.89
22.17
32.10
39.66
32.71
25.73
38.21
23.36
20.32
37.41
30.23
33.89
24.09
37.57
30.77
37.07
31.34
32.75
25.88
33.89
34.61
29.39
23.12
37.43
35.19
22.97
20.47
36.90
29.73
39.58
24.06
27.91
38.40
32.70
36.48
38.62
20.11
28.98
31.23
23.93
37.72
20.00
22.09
35.68
29.38
31.57
21.35
29.72
29.70
33.45
23.01
27.05
27.09
24.33
23.52
24.67
23.50
28.54
22.37
35.02
37.33
23.47
30.32
22.99
26.99
37.62
21.89
23.86
22.79
31.25
24.35
31.47
22.02
22.24
31.33
27.51
30.34
31.14
23.38
27.33
23.62
37.20
22.25
30.63
28.22
36.17
35.73
32.64
30.45
33.46
34.17
39.91
36.94
29.59
28.81
27.40
20.24
22.88
37.60
34.06
25.80
28.46
38.36
27.12
32.40
24.70
23.38
28.85
25.88
20.42
34.10
37.57
23.44
20.22
39.71
27.91
31.07
30.76
38.96
35.89
36.56
35.63
29.89
39.17
31.16
37.67
32.52
37.41
29.60
32.69
28.26
37.27
36.17
32.54
38.69
34.55
23.90
21.18
30.71
22.67
23.92
36.12
30.20
29.46
32.39
39.83
38.57
26.39
22.47
38.38
39.60
29.33
29.91
35.05
31.08
36.13
29.46
25.24
30.57
38.63
33.81
37.80
33.45
36.43
32.22
34.14
31.43
37.67
34.75
34.11
25.65
29.37
30.64
28.13
32.75
35.58
39.03
38.76
24.35
39.17
32.15
33.55
27.69
34.20
28.64
26.91
35.57
22.50
25.07
21.47
37.60
23.19
21.93
32.63
36.65
38.52
34.92
20.90
38.05
30.12
21.37
33.31
21.69
28.05
33.69
31.05
26.60
30.49
24.77
24.10
28.63
35.64
32.44
23.47
39.68
32.60
37.32
23.91
25.43
28.57
31.73
30.42
29.13
31.72
36.25
26.81
32.00
20.29
29.38
32.59
38.63
28.94
35.14
22.44
25.22
39.90
21.65
39.44
25.05
35.39
23.00
23.85
35.34
31.42
35.80
21.07
34.72
27.83
28.71
36.19
34.89
20.71
28.75
31.46
38.54
24.55
26.28
39.64
25.69
22.55
33.69
26.26
39.06
38.58
36.47
27.55
39.78
31.69
37.11
29.78
32.56
21.37
34.26
22.45
27.96
25.68
35.52
35.23
26.05
23.69
34.03
22.21
29.23
34.73
21.36
25.35
24.52
33.66
39.82
33.44
27.12
34.54
33.01
32.91
22.83
34.92
20.23
39.72
35.31
21.92
32.08
39.57
37.58
26.26
28.56
33.86
20.66
27.13
24.12
28.57
34.61
36.58
23.29
22.88
38.04
35.90
30.90
21.41
35.60
29.74
30.22
30.88
35.72
28.76
29.54
39.50
39.30
27.66
24.68
25.41
35.33
27.10
23.89
29.05
22.84
38.83
34.84
27.83
26.05
34.20
29.44
35.34
25.71
34.66
31.57
34.83
29.38
35.08
22.52
21.10
38.07
22.74
39.73
34.84
27.61
26.25
38.41
30.02
28.89
28.98
35.71
34.91
36.41
25.88
38.77
38.68
38.35
21.78
24.82
22.14
38.98
34.58
31.59
37.17
38.79
28.95
20.29
35.99
22.97
31.34
25.01
24.01
35.00
24.58
31.41
26.21
36.53
26.65
21.57
25.78
33.36
21.18
23.43
39.68
31.32
24.34
21.94
37.13
36.61
23.92
36.27
36.85
29.30
32.36
31.44
37.41
31.05
26.86
39.98
39.08
35.26
21.59
25.64
21.10
33.78
20.20
29.97
36.58
22.53
30.72
32.69
35.15
28.09
27.74
25.79
22.81
25.78
31.93
26.07
34.16
34.98
37.72
33.06
23.72
32.56
32.69
24.33
32.21
26.34
39.71
32.53
28.35
34.28
28.65
22.66
36.40
29.76
22.80
20.76
20.07
32.79
35.01
29.39
23.13
23.96
26.31
35.65
24.65
36.86
23.86
38.80
22.43
30.42
35.25
20.82
30.72
20.87
24.09
37.68
30.26
31.49
23.93
37.97
35.21
24.69
29.88
21.61
33.75
25.47
25.45
25.21
22.05
28.09
27.29
31.57
27.94
29.47
38.97
30.15
37.09
37.02
36.07
34.78
34.26
38.83
28.80
34.97
20.42
28.71
21.73
37.94
22.52
34.31
35.33
20.54
27.39
39.21
29.86
37.72
37.02
24.69
36.67
24.67
23.18
20.39
26.24
24.94
21.22
28.07
20.80
31.59
21.61
35.25
29.47
31.62
34.20
38.67
37.23
25.64
21.70
39.34
38.82
28.43
22.78
39.47
21.41
33.54
34.05
36.83
33.91
24.31
37.54
39.92
20.52
28.77
39.73
28.85
23.92
25.60
30.35
28.97
39.31
36.16
20.01
36.24
30.22
36.30
31.87
23.38
31.95
35.26
28.13
27.75
25.08
22.34
25.75
37.68
36.93
37.24
35.21
27.11
27.00
31.85
34.79
23.80
29.57
38.02
20.99
36.94
29.80
38.08
22.94
32.04
34.41
30.78
25.23
35.67
28.01
31.37
23.93
23.86
27.23
31.29
24.61
32.88
31.81
28.65
37.63
32.13
38.98
37.10
20.75
39.06
20.24
31.67
34.39
25.29
36.54
33.15
29.06
22.79
27.29
29.07
27.01
22.51
29.31
21.55
25.79
26.78
23.99
27.87
32.11
29.49
34.52
29.45
28.23
35.63
24.49
32.03
38.89
31.74
29.25
34.29
24.42
24.14
34.42
35.12
25.39
32.89
36.79
35.93
35.96
28.04
27.34
35.58
26.65
32.99
26.96
26.82
28.83
27.30
27.28
29.90
20.12
27.30
39.87
24.51
24.62
25.98
37.26
27.50
21.25
26.84
32.84
36.39
24.53
33.31
28.25
21.49
27.09
21.45
37.35
23.30
25.96
34.98
24.63
22.44
35.91
20.87
38.08
21.15
37.86
21.69
30.76
36.02
20.25
29.68
28.92
30.80
25.52
24.54
29.01
26.08
37.01
35.97
25.56
39.82
26.94
31.06
20.92
28.45
23.52
37.85
25.37
23.27
21.43
31.99
31.13
25.70
24.69
27.72
31.23
38.48
21.03
29.98
28.12
26.19
30.04
24.01
28.56
37.05
37.21
21.64
25.94
24.75
32.36
32.00
36.44
22.17
29.18
33.83
35.39
31.91
35.30
38.38
24.27
22.76
29.69
38.17
23.84
38.28
27.70
22.30
37.15
37.68
20.57
29.46
29.55
29.25
23.80
33.90
23.30
36.28
33.94
28.06
20.64
26.96
22.01
21.73
30.20
39.88
25.68
21.91
36.13
20.30
23.32
31.07
35.59
33.98
38.57
34.45
35.20
34.84
36.31
24.40
30.77
38.98
34.01
31.46
22.45
34.60
30.99
39.52
35.09
39.11
31.30
30.82
35.70
39.97
29.14
29.63
27.46
24.26
33.88
25.25
39.67
38.34
23.13
35.32
30.82
28.76
39.03
33.94
30.84
37.96
32.00
26.35
35.00
27.96
39.35
29.28
36.51
25.97
30.07
31.44
37.20
35.46
33.69
31.42
31.70
26.58
37.11
33.40
23.01
34.11
35.25
34.13
24.80
26.64
31.50
29.09
25.77
22.81
34.58
23.33
20.47
24.93
30.53
37.48
27.29
30.61
29.08
27.28
34.78
39.96
32.66
37.99
38.88
28.56
23.48
35.96
20.24
32.96
39.77
23.52
24.89
38.66
32.60
20.76
34.51
35.78
29.32
34.50
34.91
34.28
33.53
26.94
31.73
21.90
26.91
36.93
24.51
27.95
28.84
32.38
30.34
30.86
38.11
35.52
31.01
31.57
28.88
35.28
32.33
29.75
20.40
22.84
22.28
27.69
25.52
33.91
31.94
21.89
24.68
31.29
35.06
26.56
29.96
26.79
24.14
23.80
23.37
33.72
23.41
23.98
30.71
21.47
26.28
35.09
22.33
33.56
27.16
28.36
29.17
27.52
26.73
32.57
39.99
26.28
27.79
23.87
22.72
32.36
23.41
36.19
24.65
34.29
22.53
21.67
27.49
21.49
22.12
24.95
26.61
21.54
22.30
34.64
39.76
21.75
39.85
37.20
27.45
20.82
31.42
35.58
32.87
29.69
38.71
27.99
37.39
37.94
36.66
23.22
21.09
23.99
24.03
28.40
24.49
35.35
39.81
38.77
25.25
20.11
35.09
29.96
38.52
28.02
29.96
24.78
28.12
25.85
30.61
39.92
38.17
32.76
23.43
26.80
37.89
23.54
38.28
26.29
39.00
22.73
24.90
31.56
22.53
28.17
24.36
20.83
23.06
39.73
36.60
20.42
26.79
37.19
37.25
29.67
34.57
21.86
39.06
29.47
26.28
28.47
37.23
25.60
33.85
22.38
25.04
30.17
31.98
38.31
24.35
24.25
20.48
32.79
35.83
30.92
37.76
33.35
37.66
36.55
35.50
38.17
31.91
26.83
30.25
35.90
37.20
24.99
22.36
39.77
20.22
22.92
37.78
30.44
27.28
23.85
32.04
20.66
37.60
29.30
28.70
31.07
30.10
38.26
22.15
36.77
20.50
33.11
29.86
24.60
34.00
39.76
34.41
33.44
36.78
26.19
24.73
28.78
32.62
39.96
21.44
24.19
21.72
38.64
37.16
21.60
33.59
28.87
22.57
24.80
39.87
25.19
24.51
37.68
22.04
26.47
27.33
32.48
20.48
30.25
39.37
20.60
37.09
38.63
22.02
24.14
30.97
22.94
35.38
23.69
20.53
39.44
31.47
38.54
34.53
28.75
20.69
36.25
27.21
35.22
30.34
31.47
31.91
32.11
35.82
20.98
20.79
34.30
35.26
34.70
35.42
29.76
28.81
27.96
37.81
37.49
31.15
26.66
34.15
30.74
24.93
29.55
21.48
33.24
32.72
35.89
29.18
34.31
28.26
34.15
30.56
23.16
36.22
36.79
37.18
27.38
36.60
36.04
23.28
32.33
33.39
33.74
28.14
20.09
28.97
30.43
38.85
30.41
33.12
36.00
29.28
39.05
30.08
27.48
23.07
35.59
20.49
26.01
28.02
34.81
30.30
39.94
24.25
32.10
30.68
20.75
30.57
32.12
32.52
29.36
24.64
33.81
38.43
28.63
30.71
38.59
35.84
20.01
36.20
31.93
21.93
28.33
38.85
27.71
25.52
20.18
29.98
36.83
24.26
35.17
23.81
30.36
31.62
33.99
30.97
27.96
23.96
25.02
34.28
37.82
39.07
24.40
28.81
21.51
34.15
26.82
35.15
23.10
28.84
31.65
20.76
24.04
36.25
35.17
26.97
30.31
38.06
38.61
27.06
28.88
35.43
26.31
27.11
29.24
28.33
32.93
29.95
32.52
21.84
25.49
31.71
29.13
34.15
29.79
24.59
31.16
30.82
26.96
26.99
36.58
23.82
29.22
24.59
21.31
31.35
26.92
30.21
38.62
23.58
20.84
37.80
39.00
38.36
32.10
21.81
33.66
28.62
24.04
21.97
32.36
33.96
34.73
37.95
30.62
23.52
30.79
27.47
39.66
24.84
33.35
22.99
37.60
38.67
38.84
25.24
26.81
22.38
35.97
38.85
23.53
35.11
28.82
34.40
34.22
35.59
39.75
34.38
28.94
37.15
36.20
39.64
25.47
25.58
33.15
33.53
39.44
39.51
33.75
27.03
23.55
29.63
28.67
28.85
23.49
32.89
21.54
30.62
29.23
32.72
27.03
30.08
33.60
37.05
32.27
33.66
36.13
36.09
32.58
33.40
23.91
25.44
33.92
21.03
27.68
39.68
30.80
27.54
38.09
31.63
21.20
23.57
24.92
39.54
27.26
31.87
24.78
33.07
30.33
27.96
36.07
27.12
31.39
24.13
26.68
24.88
23.23
24.35
20.66
33.63
39.42
33.23
28.42
26.43
21.69
23.75
28.35
38.07
38.62
35.44
28.57
20.02
38.63
20.72
29.74
28.13
33.07
30.72
33.89
38.48
29.20
35.07
38.84
23.78
20.37
25.11
39.77
29.93
22.91
25.45
37.61
25.99
22.20
33.95
30.52
36.87
31.84
21.78
31.51
37.35
32.31
22.71
26.57
20.68
20.13
20.10
23.59
21.15
31.74
27.14
32.42
24.29
25.60
34.82
32.88
21.89
33.92
23.65
39.58
24.55
21.12
39.39
22.07
38.69
22.20
39.04
34.35
24.14
33.26
25.30
36.26
28.63
35.59
33.47
38.00
23.14
27.38
35.82
36.78
26.71
26.91
21.86
35.64
36.16
32.22
34.27
27.07
27.30
34.71
26.10
33.34
34.51
22.92
36.29
37.44
35.48
24.79
21.31
32.19
30.42
30.87
31.95
38.68
36.66
31.47
37.35
24.09
32.21
32.80
38.82
23.71
21.22
34.85
39.08
30.07
22.01
20.91
38.16
21.66
27.41
22.75
38.18
27.40
25.96
39.62
34.17
21.50
32.48
27.65
37.65
25.23
22.36
30.48
36.98
30.73
23.95
33.06
21.00
25.00
38.92
26.33
21.54
32.88
26.33
29.89
25.91
39.74
38.67
28.43
21.35
27.29
23.56
29.76
23.54
38.50
37.15
24.92
23.84
25.35
27.88
36.02
25.01
23.64
28.83
22.17
34.85
28.54
27.71
34.49
24.29
20.89
33.03
24.57
31.32
29.80
31.61
37.63
30.92
30.48
24.07
34.77
35.71
30.35
24.05
22.09
34.80
24.54
31.33
29.69
39.31
20.75
26.32
37.99
36.35
30.17
22.95
37.93
31.07
21.32
26.08
27.14
35.97
31.45
24.77
22.95
24.23
36.04
23.89
29.97
24.39
34.17
26.32
21.61
24.42
39.68
25.65
35.15
20.49
39.45
31.34
38.15
22.03
23.33
37.16
37.07
38.19
28.20
32.61
31.49
24.55
26.26
30.12
33.35
21.19
36.55
32.20
31.18
21.69
35.61
24.89
24.65
37.93
36.21
37.10
35.17
39.65
31.98
31.25
34.60
39.94
38.89
36.89
34.88
31.73
27.70
34.62
26.30
36.06
35.61
26.21
24.92
35.48
39.19
34.32
30.71
36.28
38.19
33.88
37.18
26.93
29.87
33.28
21.97
32.34
20.54
34.28
24.03
20.48
31.82
23.42
24.23
34.08
27.92
22.10
36.74
39.43
37.26
33.66
39.14
36.48
37.58
21.21
21.13
36.84
36.58
39.08
26.73
32.33
31.02
30.38
35.40
27.43
31.55
39.40
36.77
27.19
20.37
36.39
39.89
28.60
22.00
30.10
22.18
25.17
39.46
37.46
31.49
32.13
23.31
21.89
33.70
38.06
26.85
20.29
23.40
38.98
28.24
28.89
33.26
23.59
32.67
23.15
26.62
23.27
36.60
31.07
27.98
37.01
36.38
23.06
22.25
24.71
21.32
26.00
20.41
25.92
23.88
22.66
28.41
37.54
38.01
37.23
31.64
24.56
21.34
26.47
24.39
26.63
36.02
20.07
30.71
22.98
30.27
31.83
33.83
25.46
23.94
27.51
24.76
25.93
34.54
34.67
22.70
31.02
35.43
30.87
20.02
34.66
34.44
28.95
27.31
26.94
38.22
34.01
27.15
23.90
37.20
23.79
37.69
21.36
32.62
27.71
37.57
22.30
38.49
28.43
30.26
35.48
31.35
25.96
26.65
21.38
27.59
35.22
20.21
28.88
39.75
39.01
26.77
37.76
20.19
25.58
28.09
34.10
23.43
34.70
28.80
32.91
24.95
28.54
20.48
31.50
32.59
29.09
27.87
31.27
30.14
25.82
24.72
36.99
30.93
32.75
24.19
38.74
32.63
34.64
39.67
29.64
30.35
28.40
31.96
22.10
28.56
21.79
21.86
26.41
20.10
24.41
21.09
30.52
29.92
31.58
30.13
26.43
30.72
28.96
37.94
29.81
33.70
39.21
29.34
27.05
39.94
26.89
37.79
37.03
25.64
37.52
20.54
24.40
20.37
26.60
26.31
38.16
32.32
20.58
26.19
22.12
27.37
25.58
39.88
27.56
31.85
38.08
28.40
28.39
34.57
35.75
39.46
20.78
34.78
38.24
32.95
37.18
29.21
29.98
39.05
39.31
39.76
36.69
25.75
35.11
32.58
27.49
37.23
27.45
29.35
39.19
30.19
32.36
38.26
29.63
32.65
30.23
38.41
31.21
30.24
34.79
29.93
34.09
21.90
25.72
34.75
21.01
22.54
21.89
24.03
33.21
34.69
36.62
33.97
34.89
37.92
22.38
37.84
27.37
31.08
28.26
36.91
35.71
34.73
26.68
21.84
34.75
37.81
25.72
30.74
32.18
28.39
21.41
36.48
38.40
38.83
34.58
25.55
20.39
22.67
33.85
21.93
25.90
32.36
27.75
22.82
33.32
36.24
37.30
31.23
36.72
21.87
34.56
32.03
20.30
21.37
33.48
28.74
25.85
34.46
35.52
28.07
38.72
21.88
38.37
37.12
35.60
37.92
25.31
22.66
23.78
21.63
22.64
33.61
23.62
26.42
32.03
21.47
21.03
20.83
27.92
27.46
25.79
34.98
28.58
37.45
30.18
27.51
39.88
32.24
29.96
26.00
21.85
36.34
32.45
30.05
36.99
36.26
27.98
38.66
24.82
36.09
38.70
36.94
32.70
27.18
37.72
32.55
34.06
37.91
32.39
31.03
35.63
37.00
29.31
33.43
29.26
25.81
34.15
31.21
22.80
25.03
32.95
28.61
27.46
33.32
38.87
35.49
22.99
39.26
39.54
39.98
31.77
23.67
31.03
23.77
20.83
22.03
22.08
39.48
20.57
32.66
36.67
30.52
20.95
31.66
32.15
28.79
21.00
26.34
30.88
21.87
23.09
29.58
23.66
36.45
23.28
34.89
30.93
27.76
23.24
24.60
26.67
27.10
37.64
26.63
34.58
31.48
33.80
26.66
20.81
39.33
30.82
37.66
28.49
34.89
38.79
23.16
23.72
35.13
22.08
34.97
36.18
21.12
37.08
29.96
29.53
25.38
26.50
39.80
37.41
32.01
28.64
39.68
36.56
20.73
30.15
33.52
30.78
28.90
39.28
23.87
32.73
25.95
31.07
29.69
30.36
29.23
31.28
28.06
34.48
34.35
22.57
27.45
39.35
24.80
22.05
30.25
22.32
30.02
36.23
20.39
36.02
32.08
39.40
36.88
26.21
20.39
38.61
34.15
35.05
37.41
20.15
30.42
30.58
24.76
32.04
37.65
22.33
29.42
36.29
28.87
35.14
36.08
37.61
36.60
36.11
29.10
34.79
36.47
38.05
23.75
22.94
28.49
24.08
26.60
37.33
36.89
26.99
38.60
24.57
24.48
33.33
25.44
27.16
20.21
29.06
21.07
37.49
34.08
25.25
39.00
30.10
30.02
26.66
24.54
37.14
33.59
29.59
31.34
21.92
29.17
27.90
28.82
39.16
38.75
34.49
35.11
39.40
28.43
26.19
25.54
21.94
39.34
39.85
28.92
33.40
29.13
24.47
26.94
39.41
32.45
32.78
31.72
28.12
25.60
23.73
22.26
20.81
33.28
34.15
34.83
34.43
27.00
37.91
33.34
32.28
31.19
20.46
36.65
37.02
35.62
38.08
27.70
28.16
36.61
29.30
39.34
33.91
39.72
36.24
34.53
38.74
26.69
34.65
23.35
33.70
39.58
33.69
22.76
38.63
39.90
21.76
31.55
33.68
27.10
23.67
31.35
30.01
37.56
30.41
26.81
30.32
20.23
38.87
32.32
23.47
28.04
20.42
37.17
39.91
30.28
25.10
32.64
27.75
21.29
38.46
31.80
32.25
28.46
21.72
29.50
28.66
29.36
35.15
33.94
21.57
21.53
23.06
20.01
28.07
37.08
37.20
25.65
27.33
34.38
25.48
38.16
32.81
36.23
39.39
20.65
36.02
38.62
34.69
22.28
26.32
26.30
35.39
32.67
21.37
24.27
21.50
34.12
32.41
23.66
38.25
28.15
21.07
32.76
33.75
33.37
32.61
34.59
35.88
39.04
31.37
22.54
23.31
20.16
21.54
23.04
31.24
37.72
27.93
26.56
25.68
27.26
37.23
28.37
34.35
27.32
36.82
32.15
20.03
30.92
27.56
38.89
35.76
35.81
24.97
34.81
35.80
39.22
36.61
38.66
33.56
26.92
39.47
21.54
28.02
32.85
21.71
38.90
28.01
39.21
29.82
24.78
39.87
30.63
24.96
21.41
39.54
29.11
29.30
20.99
20.75
35.36
25.83
35.94
34.97
32.31
29.18
26.48
34.51
37.09
37.50
27.16
23.70
23.02
26.16
37.78
26.42
30.60
31.99
32.63
38.76
20.35
26.72
26.91
25.34
26.39
21.56
23.97
24.64
39.25
39.04
39.78
24.26
38.59
24.48
20.06
21.13
37.49
27.96
36.62
33.51
26.11
23.84
27.78
36.72
39.11
27.45
27.43
24.40
23.68
28.43
36.19
29.87
38.82
31.88
35.94
35.55
38.79
25.58
32.20
26.96
22.22
23.72
33.69
25.65
36.71
22.69
32.97
38.71
31.20
37.27
27.48
28.65
21.64
23.40
26.56
23.17
23.09
34.82
26.58
39.94
34.87
30.70
27.44
21.05
24.30
31.72
22.05
20.94
33.67
33.33
32.74
35.50
33.75
32.17
27.84
36.59
26.94
39.75
34.84
36.16
25.60
37.25
36.06
25.58
21.93
27.80
25.03
26.47
22.05
27.32
28.23
39.86
21.53
25.33
36.48
31.65
24.07
35.25
26.91
27.58
30.80
32.90
30.16
36.45
28.24
24.44
21.46
30.19
33.64
30.55
21.34
27.70
24.67
30.78
24.59
26.95
36.88
27.66
31.33
39.38
33.45
34.55
21.39
22.46
31.74
24.13
24.30
32.42
33.37
28.53
31.90
36.26
37.18
26.07
31.19
36.28
33.43
30.49
27.45
31.35
29.28
29.50
29.82
30.81
32.18
22.74
31.36
37.99
33.50
21.38
21.97
32.46
22.49
20.25
27.56
33.21
24.85
39.30
23.32
30.61
26.99
32.34
36.62
32.35
32.53
35.01
28.22
20.17
37.35
23.17
35.02
24.31
24.74
34.43
31.82
29.90
30.50
37.68
38.38
21.61
25.03
21.47
27.12
35.15
22.52
32.39
33.75
22.99
37.36
37.10
37.92
38.31
33.34
39.97
30.70
22.27
25.56
21.60
25.96
38.63
33.70
30.57
32.86
20.39
34.08
26.48
35.80
22.89
21.58
38.60
37.07
23.88
20.06
35.51
28.51
30.79
23.15
26.34
36.36
24.23
34.79
31.33
33.67
27.72
27.31
22.22
32.76
31.97
25.56
36.63
28.05
28.16
32.95
32.43
37.90
31.52
38.09
23.99
31.14
30.67
24.01
25.73
20.61
39.82
21.77
23.41
32.68
35.35
29.41
35.61
29.21
37.00
26.59
23.13
34.00
20.32
39.21
26.92
31.98
25.78
39.71
39.00
22.45
35.08
23.14
20.48
38.30
22.41
38.28
20.25
24.15
28.58
28.79
29.21
30.19
24.00
25.75
33.90
24.46
32.97
20.76
22.60
22.02
33.03
22.67
34.97
25.02
34.10
23.37
33.54
33.60
35.12
31.34
23.59
25.69
38.16
32.49
34.50
34.08
27.98
26.37
38.62
26.78
23.08
26.81
25.91
22.25
38.34
23.00
22.91
39.79
30.64
35.67
29.01
29.72
21.56
31.94
25.88
33.52
24.51
27.59
27.00
23.66
22.20
39.38
24.01
23.02
28.70
28.29
25.80
37.41
23.39
25.14
35.10
30.84
37.11
38.26
25.64
36.64
33.95
36.15
32.74
27.76
34.40
35.16
20.14
37.79
20.22
38.70
28.33
29.79
31.09
20.68
38.43
32.51
20.42
22.18
25.01
31.62
27.28
23.61
32.81
29.38
20.80
39.74
20.31
30.55
27.73
39.66
28.53
37.93
21.77
39.50
24.11
31.64
22.04
33.35
35.32
39.80
35.84
38.26
38.57
23.30
20.21
33.56
26.38
25.46
33.72
38.14
27.96
22.19
27.84
37.62
24.99
30.21
20.03
37.80
27.69
33.54
27.56
25.78
27.45
23.44
39.89
36.82
31.25
30.85
33.93
39.86
25.76
23.19
39.85
35.34
21.46
29.79
25.44
22.20
29.67
36.15
21.26
38.56
32.31
20.66
33.97
39.33
35.69
21.14
24.24
38.59
24.77
20.82
38.23
38.12
25.25
23.91
38.18
20.37
20.61
28.62
30.96
35.84
34.19
20.48
39.78
28.72
24.24
31.62
39.21
28.57
24.49
37.78
27.34
20.73
27.63
25.71
38.40
28.93
30.31
26.10
38.69
26.55
28.07
39.39
31.83
36.43
36.79
35.68
36.07
38.74
27.04
23.04
22.55
25.00
31.84
22.12
21.49
30.69
29.67
21.18
33.94
30.76
25.90
28.22
27.39
29.25
31.52
35.19
28.26
24.22
20.65
33.80
29.56
22.82
27.06
21.76
25.44
23.91
37.80
24.12
29.80
20.02
31.00
38.40
35.14
23.13
22.43
24.21
21.49
34.55
22.30
22.44
29.68
26.59
33.11
29.95
32.59
36.46
38.39
32.20
38.84
37.17
23.14
30.87
32.32
24.89
30.14
30.52
22.35
35.08
31.96
36.64
21.19
22.77
35.24
37.17
36.59
28.48
28.25
23.84
24.13
25.99
39.70
36.53
34.00
28.60
36.52
24.48
20.69
39.36
36.91
37.64
36.57
24.03
33.44
32.01
37.56
36.04
34.85
31.12
36.90
34.72
34.21
36.79
25.29
31.90
36.37
30.48
30.95
33.10
20.45
31.12
20.64
25.53
21.51
21.71
30.47
27.89
21.40
20.88
35.27
28.26
35.66
29.89
20.84
25.43
36.79
36.00
24.60
30.40
39.66
34.19
33.90
30.15
31.42
28.26
22.90
27.80
38.31
27.22
38.59
21.77
39.80
35.89
21.50
33.47
24.48
38.28
28.16
26.51
31.88
23.83
38.45
30.55
32.69
39.13
25.57
37.14
30.24
30.02
28.35
35.37
22.40
21.60
36.70
36.65
21.44
30.10
35.75
32.39
25.92
30.46
38.41
39.06
32.80
35.20
39.79
30.86
32.51
32.16
22.83
39.67
26.83
30.71
26.53
37.97
24.30
39.29
21.46
34.92
37.76
31.98
28.59
31.64
28.91
35.59
24.42
38.44
20.82
31.79
34.77
28.70
30.10
33.29
37.86
35.66
29.39
33.07
36.75
35.14
27.24
28.65
28.54
36.75
26.04
34.74
35.71
35.82
32.61
39.87
25.79
24.31
34.18
36.36
32.73
30.17
22.10
20.86
23.11
21.50
31.88
37.80
21.02
26.52
38.06
21.18
39.93
20.20
21.52
36.79
29.07
33.59
29.56
29.85
25.35
22.46
23.09
27.12
32.80
28.56
33.54
24.56
22.36
36.58
39.51
28.84
38.89
31.99
27.68
38.45
28.00
36.91
26.55
38.57
34.05
28.56
29.37
38.51
34.26
24.15
20.21
26.91
32.44
24.65
26.12
35.75
27.28
36.67
26.74
33.47
28.45
28.43
29.16
37.55
29.91
31.39
27.10
36.36
26.72
38.16
21.29
22.36
27.83
32.08
38.17
28.54
33.11
36.73
39.07
20.50
24.62
32.27
26.26
38.65
26.77
30.53
35.54
35.85
38.36
37.75
28.21
33.46
27.67
24.77
25.61
24.66
30.35
34.12
21.49
21.26
37.29
38.53
23.19
31.70
30.92
34.19
35.80
24.39
39.96
29.81
25.94
33.63
30.96
31.33
35.54
25.77
34.67
35.18
21.90
21.99
38.84
20.68
27.61
25.17
33.03
25.63
31.00
20.13
33.27
39.05
29.48
28.51
34.83
20.69
26.78
24.92
39.46
27.33
33.42
20.45
22.76
31.06
39.35
25.65
20.02
24.54
28.32
22.28
26.16
29.30
32.25
22.01
39.56
35.76
22.96
37.77
23.64
24.22
28.47
22.36
31.59
39.58
38.34
30.15
29.33
38.29
31.61
38.57
32.32
29.35
38.88
33.99
36.86
27.13
37.88
22.46
26.62
25.55
26.66
35.10
20.38
39.31
28.61
37.53
30.10
25.97
37.72
23.67
37.26
36.77
37.78
24.79
25.50
25.85
29.61
29.96
21.66
29.51
35.92
35.35
31.27
23.63
33.03
32.24
33.62
38.85
29.86
21.92
33.29
28.90
22.93
26.35
20.81
28.53
31.68
25.96
24.22
34.52
32.06
29.56
29.19
30.57
25.46
23.15
34.30
30.05
39.11
31.75
29.92
30.63
39.32
20.81
31.38
22.58
34.39
21.62
22.03
28.54
20.47
38.56
27.00
39.63
35.18
34.92
35.17
34.90
35.34
35.17
35.23
34.90
35.35
34.88
35.06
35.19
34.95
35.23
35.05
34.77
35.09
35.09
35.05
34.85
34.99
35.09
34.78
35.43
34.79
34.83
35.17
34.69
35.53
34.82
34.83
35.04
34.94
35.11
34.86
35.06
34.75
35.25
35.02
34.82
35.40
34.91
35.20
35.00
35.04
35.12
35.37
34.77
35.10
34.83
35.14
34.90
34.67
35.39
34.59
35.01
34.95
35.33
35.02
34.61
35.05
34.95
35.03
34.88
34.91
35.27
35.01
34.59
34.84
35.19
35.17
35.07
34.51
35.24
35.22
35.62
34.81
35.07
35.15
34.95
35.30
34.90
34.92
35.25
35.10
35.15
35.25
34.72
35.02
34.98
35.31
34.82
34.79
34.83
35.07
34.88
35.25
35.09
34.65
34.81