1.268143960814529407e+02
1.217155643171085160e+02
1.242948212577273353e+02
1.233120297356226871e+02
1.266384645333143055e+02
1.264253214755732131e+02
1.243472882245705478e+02
1.256123777833795145e+02
1.220852731822203197e+02
1.249616162059611213e+02
1.239474147454938588e+02
1.267159212231080545e+02
1.240679850181780353e+02
1.246052747237751390e+02
1.293663096173498843e+02
1.259386755197488839e+02
1.246988935794459650e+02
1.255028298282031614e+02
1.245871421038149407e+02
1.248971076685384958e+02
1.254883983848100826e+02
1.259718066091279240e+02
1.267345363572995893e+02
1.275234323571787485e+02
1.238079075968053075e+02
1.251702305893999636e+02
1.227748274354435267e+02
1.221050910934421694e+02
1.198474868702760716e+02
1.242927284766074223e+02
1.241508884991520461e+02
1.252128889620442322e+02
1.259333355801165766e+02
1.207644559510172826e+02
1.258872990866409225e+02
1.283176436407912320e+02
1.258035994071524755e+02
1.239477585007289946e+02
1.266165141427596268e+02
1.260534944243199647e+02
1.279063430945048481e+02
1.262860864314787648e+02
1.287684943592313687e+02
1.277201150677431514e+02
1.263414570897056137e+02
1.263906864936519128e+02
1.258970946075656485e+02
1.260254802779277270e+02
1.255129989589688080e+02
1.250614151306607340e+02
1.238805397342107568e+02
1.282628284937680974e+02
1.267042626720868554e+02
1.248328496911549053e+02
1.256902727176247936e+02
1.238014939440635231e+02
1.233975928222980798e+02
1.250251768058491137e+02
1.253858304528173733e+02
1.244979576215695687e+02
1.262436835252326972e+02
1.267366683686476421e+02
1.262133649814356033e+02
1.249539583702025993e+02
1.242701855581475741e+02
1.276115666782754374e+02
1.235425813352786406e+02
1.257026310826595932e+02
1.245540175280284103e+02
1.272976918897235237e+02
1.262742470900278988e+02
1.262231352075848037e+02
1.224852704903827885e+02
1.220661462577714076e+02
1.247999262596624561e+02
1.271257692231179135e+02
1.253052847134510728e+02
1.245520533734854780e+02
1.258373547998364756e+02
1.254946635946886317e+02
1.262758039007118924e+02
1.228772287284405706e+02
1.239150222394255820e+02
1.264861074054838213e+02
1.255988778562611969e+02
1.259179164701759390e+02
1.230070746017529615e+02
1.228640897884945531e+02
1.296338746174193659e+02
1.227654566422237110e+02
1.246428465216210242e+02
1.283647862567219420e+02
1.225340802316476640e+02
1.226069819512794083e+02
1.205552179692993491e+02
1.224442312094357703e+02
1.256706398011587709e+02
1.253785328082551729e+02
1.271269141295306611e+02
1.242305324868219998e+02
1.244783634706934947e+02
1.263494044247495083e+02
1.248252670889092002e+02
1.242152936753678745e+02
1.252830517672798010e+02
1.247349774945869854e+02
1.222929398764757707e+02
1.216233275091394006e+02
1.251302176300720959e+02
1.202354024557957786e+02
1.219851411771876002e+02
1.286602779451590095e+02
1.238808304571696794e+02
1.271443310916325515e+02
1.286856268618895740e+02
1.232227763792456443e+02
1.279363622241414475e+02
1.252154954939871914e+02
1.256709174858779363e+02
1.215872765529946236e+02
1.260312821298724941e+02
1.262192638629342980e+02
1.261130304751596043e+02
1.225011205298003318e+02
1.223472753756732772e+02
1.257558655313517875e+02
1.269172207656573761e+02
1.245680908290260192e+02
1.261672834352679047e+02
1.254126982944106459e+02
1.291469011022044810e+02
1.257003383127779728e+02
1.273454338891012725e+02
1.251630723212631722e+02
1.237968723171745467e+02
1.225408138219033845e+02
1.228151487833386568e+02
1.259425698430246143e+02
1.256814802053227567e+02
1.239615015690338993e+02
1.240263579771896616e+02
1.253821359857703897e+02
1.293502533232047824e+02
1.271546499557536407e+02
1.240549148158964243e+02
1.235124193366112877e+02
1.274865062519674836e+02
1.243709248517537702e+02
1.251472880943873918e+02
1.219619479275999083e+02
1.230897500891312717e+02
1.284926781078983709e+02
1.260727411623633571e+02
1.260234068580633533e+02
1.246772074922200630e+02
1.244649663258416723e+02
1.246247805231020038e+02
1.248498555584194634e+02
1.254407365965241041e+02
1.241554927562551427e+02
1.233996538213238665e+02
1.254849695528270956e+02
1.252715188106944595e+02
1.218720793678679115e+02
1.278307492775427079e+02
1.225165254037169547e+02
1.239536217400566755e+02
1.243447310986367000e+02
1.249050498871730213e+02
1.246461878662037321e+02
1.266506656311381960e+02
1.257605971048034519e+02
1.245002569085555422e+02
1.260763061592917751e+02
1.248750389299698753e+02
1.274505390460475667e+02
1.244402893772968781e+02
1.263553804498905464e+02
1.233969340050116443e+02
1.247348948734434373e+02
1.258875147484397701e+02
1.230006391308041884e+02
1.261317423180390165e+02
1.242920581852527278e+02
1.252800144968704501e+02
1.265395913355865929e+02
1.245231446207096013e+02
1.270692421210614214e+02
1.249669226329209550e+02
1.280363271375937302e+02
1.269340074080993901e+02
1.265228595168790520e+02
1.242363776639599706e+02
1.245117624451201692e+02
1.260281980083152717e+02
1.217644581102617849e+02
1.272779340721879890e+02
1.216974263145702366e+02
1.225469431575661474e+02
1.228856035886202989e+02
1.250168740729046561e+02
1.267179119579484166e+02
1.236996932069468613e+02
1.226488288756232947e+02
1.250907770571631659e+02
1.253707601945796597e+02
1.237951343939969604e+02
1.251606680622608252e+02
1.238805269366295647e+02
1.251581936627077596e+02
1.254216801933500420e+02
1.270913313932530002e+02
1.253593598534234843e+02
1.255046150274697112e+02
1.261926953667419866e+02
1.242024903273252789e+02
1.210901300386924078e+02
1.247029789543196472e+02
1.249955948602797093e+02
1.255531002307712498e+02
1.222646204922318134e+02
1.258885606429701625e+02
1.290893030488966247e+02
1.246837278336885220e+02
1.243755886616300188e+02
1.251008432299600770e+02
1.251176475895057791e+02
1.262778144382406538e+02
1.254774543379580223e+02
1.245761718342259172e+02
1.247250265789236181e+02
1.247621310376119226e+02
1.245775153232569323e+02
1.251552311160895243e+02
1.244450969686279223e+02
1.234923726377009814e+02
1.246830109766014516e+02
1.241978355000864127e+02
1.243126283819742213e+02
1.234472807561588041e+02
1.209275131326692190e+02
1.245276946352062595e+02
1.252806681472875852e+02
1.259770709342855071e+02
1.235730290892044678e+02
1.234288000443891917e+02
1.303355826067553380e+02
1.250445676520529759e+02
1.260290549420691377e+02
1.277362937542183658e+02
1.271885756418543423e+02
1.228606750261367040e+02
1.238449241820545836e+02
1.245728625603259019e+02
1.245860447831636861e+02
1.245193461919029403e+02
1.236802979033825522e+02
1.241855143433262043e+02
1.255244850310707392e+02
1.257280279305685440e+02
1.262114836225302383e+02
1.264859900839220188e+02
1.222573540582381924e+02
1.241706615292129072e+02
1.241978297895134631e+02
1.224007515102635892e+02
1.275498641693687887e+02
1.247696769400677823e+02
1.290698349576289843e+02
1.237406272964469736e+02
1.255679909916168384e+02
1.266761677483247723e+02
1.239128844842388162e+02
1.276994130854490948e+02
1.235251571191688384e+02
1.229571976586479991e+02
1.259767788092348297e+02
1.255791719870985048e+02
1.247111566425870137e+02
1.239153329158186807e+02
1.241007171138622169e+02
1.259048076956452320e+02
1.260347407427774300e+02
1.242328045066266355e+02
1.250371681950484657e+02
1.236666751014491297e+02
1.267651501459380796e+02
1.228838975514168936e+02
1.255624298384619379e+02
1.264288257822087331e+02
1.258351934806403563e+02
1.264137290791415467e+02
1.239996243125880397e+02
1.284875720452599523e+02
1.223331869704314983e+02
1.261553104763622599e+02
1.217636031325584440e+02
1.256223200564273270e+02
1.252444652769161308e+02
1.233727706040856873e+02
1.262464067150145155e+02
1.250846034368680222e+02
1.258962762068282473e+02
1.239555648510289814e+02
1.220936239681606565e+02
1.255338304294166392e+02
1.237538575958667479e+02
1.241007169852815935e+02
1.233754419240154050e+02
1.274391455422870223e+02
1.246482635551833340e+02
1.248323205243988241e+02
1.278146681372068230e+02
1.236009931233109711e+02
1.259860200584127057e+02
1.265347782939692820e+02
1.244643345256205862e+02
1.242642865232066498e+02
1.260506979045313471e+02
1.229325589015277842e+02
1.274177963236175799e+02
1.257825514754591296e+02
1.280515456653305648e+02
1.264256741452410466e+02
1.246682840421558609e+02
1.249272463024283724e+02
1.271284233875989287e+02
1.227931558376870527e+02
1.237638653613271345e+02
1.253998328562330755e+02
1.242307573858206950e+02
1.222480037892250522e+02
1.214350908544613077e+02
1.252130917665829486e+02
1.270796867279999560e+02
1.274822878007887397e+02
1.235405478849720851e+02
1.238504173722086534e+02
1.270486868834222918e+02
1.263582593514816921e+02
1.264990834461152076e+02
1.225550795746884489e+02
1.220451960864312184e+02
1.234703772625215237e+02
1.270779173832216600e+02
1.266691102968161147e+02
1.238272254515745061e+02
1.234545641691634330e+02
1.238439798095521240e+02
1.233962009074243298e+02
1.216992395652251844e+02
1.252435990823410208e+02
1.271011923812133517e+02
1.223658110824348171e+02
1.241569026555224013e+02
1.238459609191550896e+02
1.207549183469398031e+02
1.252124369909860775e+02
1.234648098437339456e+02
1.274320753229656162e+02
1.222617712590497518e+02
1.277951230643799221e+02
1.230579694727739906e+02
1.237014991467350455e+02
1.247623770767006732e+02
1.266125128573132486e+02
1.259758011992868489e+02
1.257310736535700926e+02
1.289077197289111609e+02
1.237928710624729831e+02
1.282858986111061768e+02
1.271142718861358532e+02
1.258470768574845096e+02
1.240591987841848578e+02
1.236642111163956201e+02
1.244962930759654967e+02
1.243573490543695357e+02
1.209626561893091719e+02
1.256038280269766290e+02
1.249014613899474568e+02
1.260080587723877557e+02
1.237347619848331703e+02
1.225014029940023903e+02
1.246784854362998232e+02
1.234568969658439102e+02
1.285768098374971942e+02
1.274526353828031802e+02
1.223520480220858673e+02
1.248605493787738538e+02
1.258269029590665156e+02
1.221652285947798902e+02
1.245751770298377323e+02
1.287013399812648800e+02
1.220043817865248030e+02
1.279628075608273576e+02
1.210265600015928982e+02
1.276844131301761962e+02
1.254115549557119067e+02
1.200724334212998770e+02
1.250573024924352268e+02
1.249485532158083885e+02
1.234709888708748338e+02
1.268436031507566071e+02
1.277228369261072771e+02
1.275961643315656318e+02
1.240106792167814405e+02
1.268199272733609746e+02
1.270141140339837875e+02
1.229856593468906851e+02
1.283854926920026571e+02
1.262632426377957557e+02
1.255216004373990017e+02
1.250456354691173857e+02
1.246428397317413612e+02
1.243038996918564294e+02
1.290884422027154699e+02
1.272763196264881174e+02
1.277718754493266147e+02
1.254896014183603228e+02
1.260005807376055742e+02
1.236528647872664806e+02
1.309805133277996845e+02
1.230195018721957609e+02
1.243808292054516755e+02
1.236983368579375906e+02
1.265142212139514157e+02
1.247296098023089712e+02
1.254315568208056675e+02
1.237436340309751728e+02
1.251600848537640474e+02
1.262810581223441488e+02
1.251909173748808826e+02
1.261959101049830139e+02
1.279521854077184884e+02
1.215229207925155350e+02
1.191014621143475551e+02
1.233571490974349985e+02
1.187838792291498748e+02
1.267640524985803978e+02
1.256250124867112987e+02
1.274423842620201555e+02
1.284818560151921361e+02
1.254363990056617411e+02
1.277524503300876546e+02
1.244679031192022762e+02
1.244937690322534820e+02
1.246373138688073681e+02
1.286174039849215092e+02
1.231318588658174775e+02
1.236769223398909361e+02
1.257453566505579801e+02
1.259569582136645778e+02
1.244821070733522248e+02
1.277047035728105016e+02
1.240125847039156355e+02
1.248118985967775529e+02
1.253100580807426212e+02
1.233344234151385592e+02
1.255096352972448841e+02
1.255743065067556614e+02
1.249685627315878520e+02
1.237367076643973434e+02
1.256632142653681541e+02
1.241862933468190562e+02
1.272563146673941219e+02
1.250927549710041262e+02
1.282649739512686438e+02
1.201408313588835881e+02
1.269150421228243033e+02
1.234623322226930497e+02
1.227630026613974081e+02
1.264199240716854860e+02
1.231243392057367458e+02
1.266309539237027337e+02
1.232292936006596022e+02
1.239492987381751448e+02
1.232360799633388098e+02
1.243477175747634789e+02
1.208549853327407533e+02
1.253736171738717786e+02
1.266654817842282910e+02
1.270168808267035701e+02
1.275459660551620829e+02
1.218394750268963520e+02
1.223539366456165567e+02
1.254116899361737865e+02
1.266185183326029602e+02
1.244935452336250421e+02
1.241104225111492099e+02
1.267504128516219453e+02
1.214275794958463024e+02
1.267477264166316360e+02
1.210068565953652353e+02
1.279287013968635449e+02
1.273561351836750219e+02
1.259914268339664005e+02
1.236867195234097068e+02
1.269161754883148490e+02
1.243609824755069155e+02
1.229666890597089264e+02
1.255524565138447173e+02
1.259297297297411689e+02
1.210438292265704803e+02
1.248132116984508428e+02
1.210712430977286544e+02
1.254649817874768445e+02
1.225251700446714693e+02
1.239462330193798181e+02
1.258767571422677207e+02
1.240282915843689295e+02
1.251820167915686284e+02
1.248055805953588191e+02
1.252262055209847347e+02
1.222145077726546418e+02
1.272973868171195875e+02
1.257310408454231236e+02
1.257405502616374520e+02
1.226848322893684724e+02
1.202846660930463116e+02
1.247063511307973300e+02
1.258370279665240901e+02
1.252877660116425176e+02
1.230527502906796542e+02
1.236683327251785158e+02
1.244698054418888518e+02
1.235249915807199841e+02
1.232573340292419743e+02
1.236594457381833507e+02
1.276286121157921798e+02
1.262970227581616172e+02
1.249147563120903470e+02
1.234904645367486324e+02
1.250424240717203332e+02
1.230039542738437319e+02
1.232184393370454387e+02
1.275213920074607614e+02
1.234900902936346938e+02
1.236099410139909480e+02
1.252892709242449030e+02
1.271515995019823748e+02
1.239699535649811253e+02
1.229189037426777986e+02
1.287004615942145733e+02
1.254645749432926038e+02
1.277988645814865691e+02
1.284327573103356883e+02
1.244198701797282212e+02
1.242922918857962173e+02
1.256310322403774222e+02
1.235082547684827006e+02
1.247910952011254722e+02
1.246487444993923788e+02
1.184290798393824531e+02
1.253339774009315448e+02
1.257174498046293252e+02
1.262373929449230872e+02
1.267554622246950231e+02
1.247326931517543471e+02
1.275349290794999888e+02
1.246853078308962637e+02
1.254396728381177866e+02
1.265505337987965362e+02
1.250062379346898354e+02
1.249060829146722682e+02
1.259910425842798816e+02
1.266735935783202081e+02
1.252846963122085668e+02
1.261568361016380919e+02
1.237803229873649968e+02
1.255963372448002389e+02
1.249123808295843077e+02
1.269126106329082688e+02
1.247801533144599517e+02
1.223696539855753400e+02
1.258391219598440500e+02
1.251546472818742188e+02
1.240549924891345199e+02
1.230504775859604791e+02
1.257724764788552108e+02
1.209473907106807218e+02
1.248414544415855829e+02
1.291150175680229211e+02
1.261340558064031967e+02
1.271387951102827145e+02
1.269891671190844704e+02
1.238196489638099820e+02
1.274429531440707422e+02
1.240530858395219269e+02
1.231607942636664177e+02
1.248462316536878518e+02
1.235497642847769555e+02
1.223588142716272955e+02
1.236872919319096695e+02
1.243877692681746367e+02
1.279719753420568651e+02
1.241955292323334703e+02
1.275581380917048051e+02
1.250251174103950831e+02
1.259409780838724942e+02
1.250028060246818740e+02
1.238968991006539397e+02
1.242422005182435925e+02
1.226371229420763598e+02
1.249819643894954453e+02
1.243503848575984705e+02
1.248797392640774291e+02
1.274099969731369839e+02
1.234673880543324316e+02
1.272359839778287949e+02
1.281607206426311052e+02
1.252516860854016869e+02
1.236849511936220836e+02
1.261740206617996165e+02
1.251237988076408243e+02
1.223045851183524633e+02
1.277286457298888678e+02
1.245832016154618458e+02
1.246597876837851828e+02
1.300284033718284320e+02
1.226163181790197996e+02
1.229457400290610565e+02
1.240777854147558656e+02
1.244330005641084256e+02
1.204151555536684981e+02
1.245019709775425127e+02
1.250719110423798526e+02
1.268862815159075268e+02
1.262414444462478258e+02
1.246222139189958966e+02
1.244875766867457969e+02
1.237351857161936550e+02
1.244142490388699684e+02
1.264439982282166000e+02
1.253484253562308623e+02
1.243087487850021517e+02
1.249186794254283939e+02
1.305507767149709935e+02
1.259599095162668903e+02
1.229428774015069621e+02
1.250392398070424349e+02
1.253245600989727819e+02
1.241276406855029819e+02
1.254621680856564012e+02
1.243549158910017809e+02
1.271862308080011559e+02
1.226732698978824487e+02
1.279412970167781367e+02
1.254580481706812094e+02
1.239043607660746602e+02
1.249876450928625644e+02
1.244552573297690685e+02
1.263504196428587392e+02
1.251607868820418048e+02
1.271499395523950966e+02
1.290125866027807717e+02
1.223405220639410516e+02
1.291478818747121409e+02
1.268000760371504043e+02
1.258244059361110345e+02
1.252054138085493946e+02
1.240650153244728529e+02
1.228298173883973448e+02
1.248257173316785185e+02
1.275158251259129827e+02
1.245820043971154973e+02
1.224027285516920358e+02
1.240309156754065043e+02
1.251879549520436399e+02
1.248678893577855575e+02
1.236972100929224609e+02
1.260880755698650546e+02
1.262218202997195249e+02
1.250476834462272393e+02
1.228491409548114888e+02
1.252790078620754599e+02
1.213953910602411383e+02
1.206337025449850131e+02
1.237824259138154162e+02
1.243034608989422765e+02
1.243874834519864692e+02
1.261288169329754396e+02
1.253042265167439524e+02
1.261745881504584901e+02
1.243246558878298913e+02
1.236743761766084475e+02
1.279025226833122559e+02
1.224521454687991024e+02
1.220837322299023811e+02
1.242482554382873587e+02
1.245196089703063507e+02
1.243414205012436753e+02
1.224169011318029874e+02
1.223478214800894222e+02
1.272867886397620936e+02
1.257046610102112112e+02
1.257185150913218905e+02
1.270056472638691503e+02
1.278522585785680263e+02
1.256311292019524615e+02
1.259424450264435791e+02
1.219011892873990917e+02
1.240608065286888149e+02
1.204790756403238845e+02
1.231131110276545826e+02
1.231384750758532789e+02
1.283704125037699271e+02
1.254472058068238880e+02
1.255871186266330994e+02
1.244064648532845894e+02
1.284060171108849886e+02
1.282306157659630230e+02
1.259987048748599960e+02
1.234421809725886732e+02
1.232604628452949100e+02
1.269306865571299738e+02
1.255036332108898449e+02
1.272282524219794624e+02
1.239644878456681880e+02
1.250342761748036224e+02
1.269825001607112540e+02
1.248986142681225004e+02
1.216674149233821964e+02
1.248461071737653754e+02
1.252504834343485669e+02
1.218098500003128208e+02
1.265826867240373588e+02
1.243140487126015898e+02
1.250358922539348043e+02
1.243048727145642260e+02
1.292016008818515047e+02
1.269938851519572864e+02
1.237440015137195672e+02
1.223792552799114617e+02
1.286580326385282831e+02
1.254738224096735877e+02
1.260181400408757924e+02
1.276102224656491018e+02
1.228203231718721042e+02
1.245754966328031372e+02
1.217580259809106309e+02
1.272118480051169342e+02
1.230626560995671781e+02
1.229608558376700245e+02
1.249562150289143148e+02
1.236927808603475398e+02
1.252775512064567067e+02
1.257200823444771487e+02
1.238427583583603990e+02
1.222342958894094238e+02
1.242685092312254653e+02
1.240738463388374129e+02
1.238368221190059160e+02
1.251208224162085685e+02
1.240222302295445331e+02
1.259960285100652015e+02
1.292587718295901880e+02
1.237698524034295104e+02
1.244283441757741286e+02
1.246786308010515398e+02
1.244335366999055310e+02
1.248316862524708739e+02
1.261812389461082375e+02
1.250081804912618395e+02
1.277994202365415646e+02
1.264091215763812528e+02
1.218148228648333173e+02
1.239196225950205275e+02
1.244061456809782271e+02
1.249224076389645575e+02
1.255248026844410845e+02
1.228407084936154519e+02
1.241647507420905896e+02
1.254246435552203849e+02
1.227170226580346508e+02
1.255773795767245531e+02
1.263661818980369702e+02
1.231956931898180727e+02
1.239755825350623581e+02
1.246681948628523742e+02
1.214278165610982683e+02
1.265492095044832581e+02
1.259990369113088917e+02
1.271633360671441864e+02
1.260625093677571016e+02
1.268418050831237309e+02
1.258853971317483911e+02
1.248594654025181967e+02
1.240764452124718957e+02
1.194308582685656148e+02
1.234996102885430389e+02
1.246030645602634195e+02
1.270354690302357312e+02
1.235782449260772040e+02
1.217427191169350351e+02
1.259786839958769775e+02
1.239272188540396655e+02
1.248798162065767485e+02
1.222881664195551252e+02
1.257872369398995716e+02
1.272864556598271975e+02
1.248096009440507004e+02
1.267854178577629227e+02
1.278682911261525561e+02
1.246383785734738865e+02
1.233017912414984352e+02
1.225600378654998650e+02
1.265147085792299464e+02
1.262518744181797103e+02
1.276262172224131035e+02
1.266554563723468902e+02
1.251827767613317377e+02
1.260631903396371740e+02
1.270989115586191218e+02
1.279799309099482230e+02
1.225386782943977266e+02
1.248329084392684649e+02
1.248497275200119105e+02
1.246669852933149656e+02
1.211701943822180709e+02
1.226360364820108089e+02
1.245072350249102158e+02
1.235673854686411772e+02
1.253958645616880148e+02
1.252919209872090249e+02
1.237637781874853999e+02
1.259676520985581192e+02
1.269707003125971738e+02
1.256264518086862125e+02
1.237444371347815633e+02
1.265195729392544735e+02
1.235488036780793095e+02
1.297132760592361080e+02
1.251335570917297417e+02
1.289322081462181586e+02
1.244169421353988838e+02
1.250499940855613232e+02
1.240011810608432512e+02
1.240962832836966072e+02
1.248430697338182398e+02
1.250563815244018144e+02
1.235897426639474617e+02
1.211154505054380905e+02
1.263116090376639136e+02
1.267445361594395905e+02
1.268856132369925689e+02
1.262458756294687987e+02
1.251132416564605592e+02
1.215291170777718577e+02
1.285340216047384843e+02
1.256724509394543929e+02
1.232781990557783587e+02
1.239684707378256832e+02
1.236866548982503247e+02
1.261763183504646548e+02
1.233550560645993528e+02
1.231846808693756401e+02
1.243947150794668346e+02
1.236047289112392917e+02
1.234249703503532061e+02
1.247305434739934356e+02
1.228106553298983812e+02
1.258995689133773794e+02
1.250998660292903111e+02
1.263630841551488828e+02
1.251036659661278918e+02
1.214485258087367470e+02
1.271679838279874133e+02
1.242535476701876291e+02
1.265221417922720804e+02
1.242252141806836221e+02
1.244529696213335370e+02
1.213637989925436216e+02
1.220772547833347232e+02
1.260666901887488933e+02
1.252287559274149658e+02
1.265449669378471640e+02
1.237137261974474995e+02
1.231555114948752561e+02
1.250480402736225471e+02
1.235736771851813671e+02
1.249925303315382763e+02
1.278251505649517981e+02
1.206859659035648207e+02
1.256060741264802516e+02
1.256800113254291773e+02
1.232492674650301581e+02
1.257180850128891620e+02
1.246644818731374613e+02
1.226715803556645028e+02
1.260225838035043466e+02
1.239880502108559597e+02
1.253861347491985754e+02
1.266803961229140896e+02
1.276926763930128885e+02
1.234252857419431706e+02
1.190624691378627773e+02
1.274771247531771508e+02
1.280197854273151563e+02
1.270611928984967705e+02
1.279512852683730699e+02
1.254672162424883197e+02
1.251864506044760788e+02
1.288438860471239025e+02
1.240779704141625643e+02
1.238729314672637969e+02
1.250447239299767688e+02
1.265550351716922677e+02
1.250287520098015364e+02
1.247166525214742450e+02
1.263566160144580834e+02
1.272825970671442519e+02
1.264545267432606011e+02
1.255599964097223022e+02
1.246319195317138053e+02
1.252639416151256739e+02
1.211810153625293083e+02
1.256899962547763181e+02
1.274557435220004606e+02
1.234356869398464198e+02
1.305837513871836961e+02
1.232110175707268951e+02
1.237087342812395008e+02
1.278949025138946070e+02
1.257744390729477004e+02
1.256121579146436318e+02
1.243113732392344133e+02
1.254599006421664882e+02
1.277201094471546554e+02
1.280324609843578685e+02
1.255180274273686933e+02
1.261058150748977766e+02
1.217285266091248701e+02
1.284506624345906687e+02
1.249991932491406601e+02
1.239435200524526408e+02
1.209812639659336639e+02
1.239749091824356526e+02
1.257662722340361796e+02
1.257428448832184955e+02
1.242076700258125328e+02
1.236372017862838817e+02
1.226232541564544505e+02
1.280742194982682634e+02
1.224709278425353034e+02
1.279739390326199668e+02
1.248071326103813732e+02
1.205853828211276237e+02
1.255332206398443731e+02
1.274217132388592830e+02
1.268577359218791116e+02
1.224335103515238501e+02
1.249745711354207600e+02
1.195867371916830137e+02
1.248425927185437843e+02
1.289811551903471241e+02
1.271455034840112717e+02
1.279630103284139580e+02
1.290665799231059339e+02
1.246230694464130266e+02
1.240012842914523929e+02
1.260280313626121114e+02
1.253822964437310503e+02
1.213840221146034537e+02
1.255189941634184692e+02
1.254863693618236624e+02
1.242225776657582514e+02
1.254519137869784231e+02
1.271458512927403603e+02
1.254578505902607475e+02
1.251107213209411668e+02
1.287643320354309822e+02
1.250620524381297116e+02
1.263664225264602834e+02
1.285945224084296115e+02
1.237953662950557856e+02
1.276560505665519401e+02
1.266895437439512193e+02
1.190458246201074957e+02
1.271237518884392586e+02
1.255438943241484395e+02
1.247304960608860398e+02
1.270138751421894199e+02
1.217035151458664330e+02
1.257507856383087557e+02
1.289036758696148297e+02
1.285195431119748832e+02
1.251246935564360712e+02
1.256076604668112537e+02
1.266734711298236391e+02
1.246409284379031135e+02
1.245218345317596516e+02
1.264054379424007379e+02
1.268480207079758912e+02
1.256220687581936062e+02
1.275713439958824722e+02
1.231308523988371348e+02
1.279798893939475590e+02
1.263301161756739788e+02
1.261931522930569827e+02
1.245052924221243842e+02
